ant-1.3.csv,1,4,5,6,8,11,12,15
ant-1.4.csv,4,8
ant-1.5.csv,5,8,10,11,17
ant-1.6.csv,4,5,6,8,9,11,13,15,18
ant-1.7.csv,4,5,6,11,15,18,19
camel-1.0.csv,4,6,7,20
camel-1.2.csv,2,3,7,9
camel-1.4.csv,1,2,4,5,6,7,9,11,15
camel-1.6.csv,2,3,4,6,7,9,15,16,17,18,20
ckjm.csv,15
ivy-1.1.csv,1,4,5,8,11,15
ivy-1.4.csv,5,11
ivy-2.0.csv,1,4,5,8,9,11,13,18
jedit-3.2.csv, 2,4,5,6,8,10,12,13,16,17,19
jedit-4.0.csv,1,5,6,8,9,10,11,12,13,17,19
jedit-4.1.csv,5,6,8,11,13,15,17,19
jedit-4.2.csv,5,6,7,8,9,10,11,15,17,19
jedit-4.3.csv,5,13
log4j-1.0.csv,1,4,5,6,7,8,9,12,15,20
log4j-1.1.csv,1,5,6,8,9,10,13,14
log4j-1.2.csv,4,7,9
lucene-2.0.csv,1,3,4,5,6,8,9,11,15,18
lucene-2.2.csv,1,2,4,6,9,12
lucene-2.4.csv,3,4,5,6,7,8,9,11,12,14,16,17,19
poi-1.5.csv,2,5,6,9,10,11
poi-2.0.csv,1,8,11,14,18,19,20
poi-2.5.csv,2,5,6,7,9,10,11,12,17
poi-3.0.csv,1,4,5,6,8,10,17,18,19
redaktor.csv,9,10,11,14,19
synapse-1.0.csv,8,11,15,19
synapse-1.1.csv,2,4,5,6,8,12,14,15
synapse-1.2.csv,1,4,5,7,8,11,13,17,18,19
tomcat.csv,4,5,11,13,19
velocity-1.4.csv,2,7,9,16,17,18
velocity-1.6.csv,1,6,8,14,15
xalan-2.4.csv,4,5,6,10,11,17,19
xalan-2.5.csv,1,5,6,9,10,11,17,18
xalan-2.6.csv,9,10,11,18
xalan-2.7.csv,5,9
xerces-1.2.csv,2,3,4,15,17
xerces-1.3.csv,1,8,12,16,17,18
xerces-1.4.csv,4,10,14
