ant-1.3.csv,15,11,5,10,18,4,16,17,14,1,8,7,6
ant-1.4.csv,8,14,18,15,7,11,13,19,17,20,2,12,10,9,6,5,4,1
ant-1.5.csv,5,14,8,10,4,15,11,18,1,6,20,9,2,13,16,17,19
ant-1.6.csv,18,5,11,15,20,8,4,19,1,9,10,3,6,7,2,14,13,17
ant-1.7.csv,11,5,6,18,15,9,10,20,14,1,4,19,8,7,13,2,16,17
camel-1.0.csv,6,9,3,4,19,1,15,20,7,5,10,2,13,14
camel-1.2.csv,14,15,18,10,4,7,6,11,8,13,9,5,19,1,20,2,3,12
camel-1.4.csv,5,8,14,9,4,18,20,19,11,1,15,7,10,6,2,13,17,12,3
camel-1.6.csv,18,7,20,10,5,8,4,6,11,15,14,19,2,9,1,13,3,17,12,16
ivy-1.1.csv,5,15,6,20,10,4,9,1
ivy-1.4.csv,11,18,20,19,3,8,5,15,4,14,1,10,9,7
ivy-2.0.csv,11,18,5,8,1,4,15,19,20,6,7,9,10,13,14
jedit-3.2.csv,11,20,12,5,6,19,2,17,7,8,4,14,18,1,13,10,15
jedit-4.0.csv,12,1,7,11,4,13,14,19,9,20,6,8,10,2,15,18,3,5,17,16
jedit-4.1.csv,11,20,5,19,14,15,1,6,8,10,7,18,4,16,12,2,9,13,3
jedit-4.2.csv,5,20,7,11,9,10,15,19,6,13,18,4,3,8,17,1
jedit-4.3.csv,9,20,4,5,6,7,15,13,17,14,1,2,11
log4j-1.0.csv,11,9,15,4,6,17,12,10,1,5
log4j-1.1.csv,5,11,1,7,9,15,8,4,14,18,12,2
log4j-1.2.csv,8,18,15,4,11,9,14,10,20,7,13,6,5
lucene-2.0.csv,18,15,14,5,4,1,9,7,3
lucene-2.2.csv,4,7,1,15,8,11,18,10,9,13,20,14,3,2,5,12
lucene-2.4.csv,4,9,20,15,5,2,8,12,11,7,13,10
poi-1.5.csv,11,15,10,6,20,8,12,18,7,5
poi-2.0.csv,20,8,19,11,18,6,4,12,13,15,17
poi-2.5.csv,12,17,14,15,10,1,19,18,2,11,5,20,9,6,3,7
poi-3.0.csv,10,8,4,18,19,5,6,11,7,20,17,14,15,9,3,1
redaktor.csv,1,11,20,4,12,7,9,10,14,15,17,18,19,5,16
synapse-1.0.csv,19,11,18,15,20,10,5,8,9,12,13,4
synapse-1.1.csv,4,8,15,18,14,20,7,5,2,19,11,10,9,6,17,1
synapse-1.2.csv,20,7,19,15,11,6,5,9,2,12,14,4,16,18,1
tomcat.csv,11,4,5,19,13,20,15,18,9,10,14,1,6,7,12,2,17,3
velocity-1.4.csv,9,1,2,6,8,10,4,18,7,15,11,13,14,19,20,16
velocity-1.6.csv,15,8,11,20,5,16,18,4,9,7,6,10,12,13,3,17,19,1
xalan-2.4.csv,11,19,20,18,6,7,5,14,17,2,15,4,10,12,13,1,9,16,8,3
xalan-2.5.csv,11,17,15,18,8,4,19,20,7,9,10,14,5,6,3,2,13,16,12,1
xalan-2.6.csv,9,11,18,15,5,4,14,1,10,8,20,2,7,16,3,12,6,17,13,19
xalan-2.7.csv,9,20,4,15,18,14,13,10,11,8,5
xerces-1.2.csv,4,15,3,11,8,18,7,1,5,9,10,6,20,13,14,2,19,12
xerces-1.3.csv,18,4,11,12,20,10,8,9,15,6,7,1,5,17,3,19,13,16,2,14
xerces-1.4.csv,4,8,15,18,11,5,9,20,1,7,10,12,14,6,16,17,3
