ant-1.3.csv,ant-1.4.csv,10,20,15,14,12,6,9,3,18,11,5,8,1
ant-1.3.csv,ant-1.5.csv,14,15,10,20,12,6,9,3,18,11,4,1,7
ant-1.3.csv,ant-1.6.csv,20,14,10,15,12,6,9,3,18,5,11,1,4
ant-1.3.csv,ant-1.7.csv,6,9,15,20,10,14,12,18,11,7,1,5
ant-1.3.csv,camel-1.0.csv,15,20,10,14,12,6,9,3,18,5,11,1,4
ant-1.3.csv,camel-1.2.csv,10,14,20,15,12,6,9,3,18,11,5,4,1
ant-1.3.csv,camel-1.4.csv,15,14,10,20,2,6,9,3,18,11,5,8,1
ant-1.3.csv,camel-1.6.csv,14,15,20,10,12,6,9,3,18,11,8,5
ant-1.3.csv,ckjm.csv,10,20,17,15,2,6,9,3,18,11,19,5,1
ant-1.3.csv,ivy-1.1.csv,20,15,10,14,12,6,9,3,18,1,11,4,19
ant-1.3.csv,ivy-1.4.csv,6,9,20,10,14,15,12,18,11,5,4,8
ant-1.3.csv,ivy-2.0.csv,6,10,14,15,20,12,18,11,5,4,7
ant-1.3.csv,jedit-3.2.csv,6,14,15,20,10,12,18,11,5,4,7
ant-1.3.csv,jedit-4.0.csv,6,15,14,20,10,12,18,11,5,4,9
ant-1.3.csv,jedit-4.1.csv,6,15,10,20,14,17,18,5,11,1,7
ant-1.3.csv,jedit-4.2.csv,6,20,15,14,10,12,18,11,1,5,4
ant-1.3.csv,jedit-4.3.csv,6,20,15,10,14,12,18,5,11,4,1
ant-1.3.csv,log4j-1.0.csv,15,10,20,14,12,6,9,3,18,11,7,5,8
ant-1.3.csv,log4j-1.1.csv,20,15,10,14,12,6,9,3,18,11,4,5,7
ant-1.3.csv,log4j-1.2.csv,10,15,20,14,6,13,18,11,5,9,4
ant-1.3.csv,lucene-2.0.csv,10,20,15,14,12,6,3,18,11,8,4,5
ant-1.3.csv,lucene-2.2.csv,15,10,20,14,12,6,3,18,5,11,7,4
ant-1.3.csv,lucene-2.4.csv,6,15,14,10,20,17,18,5,11,4,1
ant-1.3.csv,poi-1.5.csv,6,1,10,14,15,20,12,18,11,5,8
ant-1.3.csv,poi-2.0.csv,6,15,20,10,14,12,18,11,9,5,1
ant-1.3.csv,poi-2.5.csv,15,10,6,20,14,12,13,18,11,5,9,1
ant-1.3.csv,poi-3.0.csv,10,15,6,14,20,12,13,18,11,5,9,4
ant-1.3.csv,redaktor.csv,6,15,20,10,14,12,18,11,5,7,4
ant-1.3.csv,synapse-1.0.csv,15,10,14,20,12,6,9,3,18,5,11,1,19
ant-1.3.csv,synapse-1.1.csv,20,10,14,15,12,6,9,3,18,5,11,7,4
ant-1.3.csv,synapse-1.2.csv,15,14,20,10,12,6,9,3,18,11,5,4,7
ant-1.3.csv,tomcat.csv,6,9,14,20,15,10,13,12,18,11,19,5
ant-1.3.csv,velocity-1.4.csv,20,14,15,10,12,6,9,3,18,11,5,19,4
ant-1.3.csv,velocity-1.6.csv,6,9,15,10,20,14,12,18,11,5,1,4
ant-1.3.csv,xalan-2.4.csv,20,10,15,14,12,6,9,11,18,5,4,1
ant-1.3.csv,xalan-2.5.csv,20,14,15,10,17,6,9,11,18,8,5,19
ant-1.3.csv,xalan-2.6.csv,14,20,10,15,12,6,9,11,18,5,4,1
ant-1.3.csv,xalan-2.7.csv,15,20,10,14,12,6,9,11,18,5,4,1
ant-1.3.csv,xerces-1.2.csv,10,15,14,6,20,17,18,5,11,1,9
ant-1.3.csv,xerces-1.3.csv,15,14,10,6,20,17,18,5,11,4,1
ant-1.3.csv,xerces-1.4.csv,10,15,14,6,20,17,18,5,9,11,1
ant-1.4.csv,ant-1.3.csv,10,20,15,14,12,6,9,3,18,11,5,8,1
ant-1.4.csv,ant-1.5.csv,15,20,10,14,12,6,9,3,18,11,5,1,4
ant-1.4.csv,ant-1.6.csv,20,15,10,14,12,6,9,3,18,11,5,4,7
ant-1.4.csv,ant-1.7.csv,6,9,15,20,14,10,12,18,11,5,7,1
ant-1.4.csv,camel-1.0.csv,10,20,14,15,12,6,9,3,18,11,4,5,7
ant-1.4.csv,camel-1.2.csv,10,15,20,14,12,6,9,3,18,4,5,11,1
ant-1.4.csv,camel-1.4.csv,15,10,20,14,12,6,9,3,18,11,5,1,4
ant-1.4.csv,camel-1.6.csv,20,14,10,15,2,6,9,3,11,18,5,4
ant-1.4.csv,ckjm.csv,20,14,15,2,16,6,9,3,18,5,7,11,8
ant-1.4.csv,ivy-1.1.csv,10,20,15,14,12,6,9,3,18,11,5,8,4
ant-1.4.csv,ivy-1.4.csv,10,15,14,20,12,6,9,3,18,11,5,4,1
ant-1.4.csv,ivy-2.0.csv,6,9,15,10,20,14,12,18,11,5,1,7
ant-1.4.csv,jedit-3.2.csv,6,20,15,10,14,12,18,11,5,9,7
ant-1.4.csv,jedit-4.0.csv,6,14,20,10,15,12,18,11,5,9,1
ant-1.4.csv,jedit-4.1.csv,6,15,10,14,20,12,18,11,5,4,1
ant-1.4.csv,jedit-4.2.csv,6,15,14,20,10,12,18,11,8,5,1
ant-1.4.csv,jedit-4.3.csv,6,15,10,14,20,12,18,11,4,8,5
ant-1.4.csv,log4j-1.0.csv,15,20,14,10,12,6,9,3,18,11,5,4,7
ant-1.4.csv,log4j-1.1.csv,10,14,20,15,12,6,9,3,18,11,5,19,4
ant-1.4.csv,log4j-1.2.csv,14,20,10,12,15,6,9,3,18,11,5,8,4
ant-1.4.csv,lucene-2.0.csv,15,20,10,14,12,6,3,18,11,8,5,7
ant-1.4.csv,lucene-2.2.csv,20,10,15,14,12,6,3,18,11,5,9,4
ant-1.4.csv,lucene-2.4.csv,6,15,14,10,20,12,18,11,5,7,4
ant-1.4.csv,poi-1.5.csv,6,1,15,10,20,14,12,11,5,18,4
ant-1.4.csv,poi-2.0.csv,10,15,6,20,14,12,13,18,11,5,4,1
ant-1.4.csv,poi-2.5.csv,15,10,6,20,14,12,17,18,11,9,1,5
ant-1.4.csv,poi-3.0.csv,15,10,6,14,20,12,17,18,11,9,5,4
ant-1.4.csv,redaktor.csv,6,14,10,20,15,12,18,11,5,7,4
ant-1.4.csv,synapse-1.0.csv,20,14,15,10,12,6,9,3,18,5,11,1,4
ant-1.4.csv,synapse-1.1.csv,20,10,15,14,12,6,9,3,18,11,1,4,8
ant-1.4.csv,synapse-1.2.csv,10,15,14,20,17,6,9,3,18,11,19,5,1
ant-1.4.csv,tomcat.csv,15,10,14,6,20,13,18,11,5,9,1
ant-1.4.csv,velocity-1.4.csv,10,20,15,14,17,6,9,3,18,11,1,5,4
ant-1.4.csv,velocity-1.6.csv,14,10,15,20,12,6,9,3,18,11,5,7,4
ant-1.4.csv,xalan-2.4.csv,15,10,14,20,12,6,9,11,18,5,4,7
ant-1.4.csv,xalan-2.5.csv,14,15,20,10,12,6,9,11,18,5,7,1
ant-1.4.csv,xalan-2.6.csv,15,20,10,14,17,6,9,11,18,5,1,4
ant-1.4.csv,xalan-2.7.csv,15,20,14,10,12,6,9,11,18,5,4,19
ant-1.4.csv,xerces-1.2.csv,10,15,12,6,20,17,18,5,11,1,7
ant-1.4.csv,xerces-1.3.csv,15,10,14,6,20,17,18,11,5,9,1
ant-1.4.csv,xerces-1.4.csv,15,10,14,6,20,17,18,11,1,7,4
ant-1.5.csv,ant-1.3.csv,14,15,10,20,12,6,9,3,18,11,4,1,7
ant-1.5.csv,ant-1.4.csv,15,20,10,14,12,6,9,3,18,11,5,1,4
ant-1.5.csv,ant-1.6.csv,15,20,14,10,12,6,9,3,18,11,5,1,4
ant-1.5.csv,ant-1.7.csv,6,9,14,10,15,20,12,18,11,5,4,1
ant-1.5.csv,camel-1.0.csv,15,10,14,20,12,6,9,3,18,11,5,1,4
ant-1.5.csv,camel-1.2.csv,10,15,20,14,12,6,9,3,18,11,1,5,4
ant-1.5.csv,camel-1.4.csv,15,10,20,14,12,6,9,3,18,11,5,1,8
ant-1.5.csv,camel-1.6.csv,14,15,10,20,12,6,9,3,18,11,5,4,1
ant-1.5.csv,ckjm.csv,20,15,14,2,12,6,9,3,18,5,19,4,8
ant-1.5.csv,ivy-1.1.csv,15,14,20,10,17,6,9,3,18,11,5,4,1
ant-1.5.csv,ivy-1.4.csv,10,15,20,14,12,6,9,3,18,11,5,4,1
ant-1.5.csv,ivy-2.0.csv,15,10,14,20,12,6,9,3,18,11,5,1,7
ant-1.5.csv,jedit-3.2.csv,6,10,15,14,20,12,18,11,5,9,1
ant-1.5.csv,jedit-4.0.csv,6,10,14,20,15,12,18,11,5,1,4
ant-1.5.csv,jedit-4.1.csv,6,15,14,10,20,12,18,11,8,5,1
ant-1.5.csv,jedit-4.2.csv,6,20,10,14,12,15,18,11,5,1,7
ant-1.5.csv,jedit-4.3.csv,6,15,20,10,14,12,18,11,5,1,7
ant-1.5.csv,log4j-1.0.csv,20,15,10,14,12,6,9,3,18,11,5,1,4
ant-1.5.csv,log4j-1.1.csv,15,10,20,14,12,6,9,3,18,5,1,11,7
ant-1.5.csv,log4j-1.2.csv,20,15,10,14,12,6,9,3,18,11,5,4,1
ant-1.5.csv,lucene-2.0.csv,10,15,14,20,12,6,3,18,11,5,19,4
ant-1.5.csv,lucene-2.2.csv,15,20,10,14,17,6,3,18,11,5,7,4
ant-1.5.csv,lucene-2.4.csv,10,15,20,14,12,6,3,18,11,5,4,1
ant-1.5.csv,poi-1.5.csv,14,15,6,9,20,10,17,18,11,5,4
ant-1.5.csv,poi-2.0.csv,10,15,6,20,14,13,18,11,5,4,9
ant-1.5.csv,poi-2.5.csv,10,15,6,20,14,17,18,11,5,9,1
ant-1.5.csv,poi-3.0.csv,10,15,6,20,14,17,18,11,5,1,7
ant-1.5.csv,redaktor.csv,20,15,10,14,12,6,3,18,11,5,7,19
ant-1.5.csv,synapse-1.0.csv,14,15,20,10,12,6,9,3,18,8,11,5,1
ant-1.5.csv,synapse-1.1.csv,15,20,10,14,12,6,9,3,18,11,5,1,4
ant-1.5.csv,synapse-1.2.csv,20,14,15,10,12,6,9,3,18,11,5,1,7
ant-1.5.csv,tomcat.csv,6,9,10,14,20,15,12,18,11,5,1,7
ant-1.5.csv,velocity-1.4.csv,14,15,10,20,12,6,9,3,18,11,1,5,4
ant-1.5.csv,velocity-1.6.csv,15,10,20,14,12,6,9,3,18,11,5,1,8
ant-1.5.csv,xalan-2.4.csv,10,14,20,15,17,6,9,11,18,5,4,1
ant-1.5.csv,xalan-2.5.csv,20,14,10,15,12,6,9,11,18,5,7,4
ant-1.5.csv,xalan-2.6.csv,15,14,10,20,12,6,9,11,18,5,4,1
ant-1.5.csv,xalan-2.7.csv,14,20,10,15,12,6,9,11,18,5,8,4
ant-1.5.csv,xerces-1.2.csv,14,15,10,20,12,6,9,3,18,11,5,1,19
ant-1.5.csv,xerces-1.3.csv,15,10,14,6,20,17,18,11,5,1,9
ant-1.5.csv,xerces-1.4.csv,14,15,10,6,20,17,18,11,5,4,7
ant-1.6.csv,ant-1.3.csv,20,14,10,15,12,6,9,3,18,5,11,1,4
ant-1.6.csv,ant-1.4.csv,20,15,10,14,12,6,9,3,18,11,5,4,7
ant-1.6.csv,ant-1.5.csv,15,20,14,10,12,6,9,3,18,11,5,1,4
ant-1.6.csv,ant-1.7.csv,6,9,20,14,15,10,12,18,11,5,4,1
ant-1.6.csv,camel-1.0.csv,20,14,10,15,12,6,9,3,18,11,5,4,1
ant-1.6.csv,camel-1.2.csv,15,10,20,14,12,6,9,3,18,11,5,1,4
ant-1.6.csv,camel-1.4.csv,10,20,15,14,12,6,9,3,18,11,5,4,19
ant-1.6.csv,camel-1.6.csv,14,20,10,15,12,6,9,3,18,11,1,7,5
ant-1.6.csv,ckjm.csv,15,10,14,20,2,6,9,3,18,7,1,4,5
ant-1.6.csv,ivy-1.1.csv,15,14,20,10,12,6,9,3,18,11,5,8,1
ant-1.6.csv,ivy-1.4.csv,15,10,20,14,12,6,9,3,18,11,5,1,7
ant-1.6.csv,ivy-2.0.csv,10,15,14,20,12,6,9,3,18,5,11,4,7
ant-1.6.csv,jedit-3.2.csv,6,10,20,14,15,12,18,11,5,19,8
ant-1.6.csv,jedit-4.0.csv,6,10,14,20,15,12,18,11,5,4,8
ant-1.6.csv,jedit-4.1.csv,6,10,14,20,15,12,18,11,5,7,9
ant-1.6.csv,jedit-4.2.csv,6,14,20,15,10,12,18,11,5,4,19
ant-1.6.csv,jedit-4.3.csv,6,15,10,20,14,12,18,5,11,4,1
ant-1.6.csv,log4j-1.0.csv,14,20,15,10,12,6,9,3,18,11,5,8,1
ant-1.6.csv,log4j-1.1.csv,14,15,20,10,12,6,9,3,18,11,4,5,1
ant-1.6.csv,log4j-1.2.csv,15,20,14,10,12,6,9,3,18,11,5,4,19
ant-1.6.csv,lucene-2.0.csv,15,20,10,14,12,6,3,18,11,5,4,1
ant-1.6.csv,lucene-2.2.csv,15,14,20,10,12,6,3,18,11,1,5,4
ant-1.6.csv,lucene-2.4.csv,10,15,14,20,12,6,3,18,11,5,7,1
ant-1.6.csv,poi-1.5.csv,15,14,6,1,10,20,17,18,11,5,19
ant-1.6.csv,poi-2.0.csv,10,15,6,14,20,13,18,11,5,4,1
ant-1.6.csv,poi-2.5.csv,15,10,6,14,20,17,18,11,4,5,1
ant-1.6.csv,poi-3.0.csv,15,10,6,14,20,13,18,11,5,1,9
ant-1.6.csv,redaktor.csv,6,20,15,14,10,12,18,11,4,5,7
ant-1.6.csv,synapse-1.0.csv,20,14,10,15,12,6,9,3,18,11,5,1,19
ant-1.6.csv,synapse-1.1.csv,20,10,12,14,15,6,9,3,18,11,5,4,8
ant-1.6.csv,synapse-1.2.csv,20,14,10,15,12,6,9,3,18,11,5,4,1
ant-1.6.csv,tomcat.csv,6,9,14,15,10,20,12,18,11,5,1,4
ant-1.6.csv,velocity-1.4.csv,6,9,15,10,14,20,12,18,11,5,7,8
ant-1.6.csv,velocity-1.6.csv,15,20,10,14,12,6,9,3,18,11,5,7,1
ant-1.6.csv,xalan-2.4.csv,10,20,15,14,12,6,9,11,18,5,7,4
ant-1.6.csv,xalan-2.5.csv,15,20,10,14,12,6,9,11,18,5,7,4
ant-1.6.csv,xalan-2.6.csv,15,10,20,14,12,6,9,11,18,5,4,1
ant-1.6.csv,xalan-2.7.csv,14,10,20,15,12,6,9,11,18,5,4,7
ant-1.6.csv,xerces-1.2.csv,10,14,15,20,12,6,9,3,18,11,5,1,19
ant-1.6.csv,xerces-1.3.csv,14,10,15,20,12,6,9,3,18,11,5,1,4
ant-1.6.csv,xerces-1.4.csv,14,15,10,20,12,6,9,3,18,11,5,1,19
ant-1.7.csv,ant-1.3.csv,6,9,15,20,10,14,12,18,11,7,1,5
ant-1.7.csv,ant-1.4.csv,6,9,15,20,14,10,12,18,11,5,7,1
ant-1.7.csv,ant-1.5.csv,6,9,14,10,15,20,12,18,11,5,4,1
ant-1.7.csv,ant-1.6.csv,6,9,20,14,15,10,12,18,11,5,4,1
ant-1.7.csv,camel-1.0.csv,6,9,14,15,10,20,12,18,11,1,5,4
ant-1.7.csv,camel-1.2.csv,6,9,10,14,20,15,12,18,11,5,1,7
ant-1.7.csv,camel-1.4.csv,6,9,20,14,15,10,12,18,11,5,1,4
ant-1.7.csv,camel-1.6.csv,6,9,10,14,20,15,12,18,11,5,7,4
ant-1.7.csv,ckjm.csv,6,15,2,14,13,10,18,7,5,8,9
ant-1.7.csv,ivy-1.1.csv,6,15,10,20,14,12,18,11,4,9,5
ant-1.7.csv,ivy-1.4.csv,6,15,14,10,20,12,18,11,5,4,7
ant-1.7.csv,ivy-2.0.csv,6,9,15,20,14,10,12,18,11,5,1,7
ant-1.7.csv,jedit-3.2.csv,6,15,20,10,14,12,18,11,5,4,7
ant-1.7.csv,jedit-4.0.csv,6,10,15,20,14,12,18,5,11,1,7
ant-1.7.csv,jedit-4.1.csv,14,15,20,10,12,6,3,18,11,5,4,1
ant-1.7.csv,jedit-4.2.csv,15,20,10,14,12,6,3,18,11,5,4,1
ant-1.7.csv,jedit-4.3.csv,14,10,15,20,12,6,3,18,11,4,5,19
ant-1.7.csv,log4j-1.0.csv,6,20,10,14,15,12,18,11,5,4,8
ant-1.7.csv,log4j-1.1.csv,6,10,15,20,14,12,18,11,5,9,1
ant-1.7.csv,log4j-1.2.csv,6,15,14,20,10,12,18,11,5,4,1
ant-1.7.csv,lucene-2.0.csv,6,14,20,15,10,12,18,5,11,4,19
ant-1.7.csv,lucene-2.2.csv,6,20,10,14,15,12,18,5,11,1,4
ant-1.7.csv,lucene-2.4.csv,6,20,15,14,10,12,18,11,5,1,9
ant-1.7.csv,poi-1.5.csv,6,1,15,14,20,10,12,18,11,5,4
ant-1.7.csv,poi-2.0.csv,10,15,6,14,20,13,18,11,5,9,1
ant-1.7.csv,poi-2.5.csv,10,15,6,20,14,17,18,11,5,1,9
ant-1.7.csv,poi-3.0.csv,6,20,15,10,14,12,18,11,5,1,9
ant-1.7.csv,redaktor.csv,6,14,15,20,10,12,18,11,5,4,1
ant-1.7.csv,synapse-1.0.csv,6,20,15,10,14,12,18,11,5,1,7
ant-1.7.csv,synapse-1.1.csv,6,9,10,15,14,20,12,18,11,5,8,1
ant-1.7.csv,synapse-1.2.csv,6,9,15,20,10,14,12,18,11,5,1,8
ant-1.7.csv,tomcat.csv,6,9,15,20,10,14,12,18,11,5,4,1
ant-1.7.csv,velocity-1.4.csv,6,9,15,20,14,10,17,18,11,5,7,8
ant-1.7.csv,velocity-1.6.csv,6,9,14,20,15,10,12,18,11,5,1,4
ant-1.7.csv,xalan-2.4.csv,15,20,10,14,6,17,13,18,11,5,7,4
ant-1.7.csv,xalan-2.5.csv,14,15,20,10,6,17,18,11,9,5,4
ant-1.7.csv,xalan-2.6.csv,14,10,15,20,6,17,18,11,5,9,4
ant-1.7.csv,xalan-2.7.csv,20,14,10,15,6,17,18,11,5,7,1
ant-1.7.csv,xerces-1.2.csv,6,9,14,10,20,15,12,18,11,5,1,7
ant-1.7.csv,xerces-1.3.csv,6,9,14,10,20,15,12,18,11,5,1,4
ant-1.7.csv,xerces-1.4.csv,6,9,10,14,20,15,12,18,11,5,1,4
camel-1.0.csv,ant-1.3.csv,15,20,10,14,12,6,9,3,18,5,11,1,4
camel-1.0.csv,ant-1.4.csv,10,20,14,15,12,6,9,3,18,11,4,5,7
camel-1.0.csv,ant-1.5.csv,15,10,14,20,12,6,9,3,18,11,5,1,4
camel-1.0.csv,ant-1.6.csv,20,14,10,15,12,6,9,3,18,11,5,4,1
camel-1.0.csv,ant-1.7.csv,6,9,14,15,10,20,12,18,11,1,5,4
camel-1.0.csv,camel-1.2.csv,20,14,10,15,12,6,9,3,18,11,5,4,7
camel-1.0.csv,camel-1.4.csv,20,10,15,14,17,6,9,3,18,11,4,5,1
camel-1.0.csv,camel-1.6.csv,15,20,10,14,12,6,9,3,11,18,5,4
camel-1.0.csv,ckjm.csv,14,13,2,15,20,6,9,3,18,1,8,11,19
camel-1.0.csv,ivy-1.1.csv,14,20,10,15,17,6,9,3,18,11,1,5,4
camel-1.0.csv,ivy-1.4.csv,15,20,14,10,17,6,9,3,18,11,7,4,5
camel-1.0.csv,ivy-2.0.csv,6,9,20,10,14,15,12,18,11,5,4,8
camel-1.0.csv,jedit-3.2.csv,6,9,15,20,14,10,12,18,11,5,4,19
camel-1.0.csv,jedit-4.0.csv,6,20,15,14,10,12,18,11,5,4,7
camel-1.0.csv,jedit-4.1.csv,6,14,10,15,20,12,18,11,1,5,4
camel-1.0.csv,jedit-4.2.csv,6,15,14,10,20,12,18,11,7,4,5
camel-1.0.csv,jedit-4.3.csv,6,15,10,20,14,13,18,11,5,4,9
camel-1.0.csv,log4j-1.0.csv,15,10,14,20,12,6,9,3,18,11,5,4,1
camel-1.0.csv,log4j-1.1.csv,10,20,15,14,12,6,9,3,18,11,5,8,4
camel-1.0.csv,log4j-1.2.csv,15,14,20,10,12,6,9,3,18,11,5,7,1
camel-1.0.csv,lucene-2.0.csv,15,10,20,14,12,6,9,3,18,11,5,1,7
camel-1.0.csv,lucene-2.2.csv,10,15,14,20,12,6,9,3,18,11,5,1,7
camel-1.0.csv,lucene-2.4.csv,15,10,20,14,12,6,3,18,11,5,4,7
camel-1.0.csv,poi-1.5.csv,10,20,15,12,14,6,11,18,5,4,1
camel-1.0.csv,poi-2.0.csv,15,10,6,20,12,14,2,18,11,5,9,4
camel-1.0.csv,poi-2.5.csv,6,1,10,20,15,12,14,18,11,5,7
camel-1.0.csv,poi-3.0.csv,10,15,6,14,20,17,18,11,5,4,9
camel-1.0.csv,redaktor.csv,20,14,15,10,12,6,9,3,18,11,5,4,7
camel-1.0.csv,synapse-1.0.csv,20,10,15,14,12,6,9,3,18,11,5,4,8
camel-1.0.csv,synapse-1.1.csv,20,10,15,14,12,6,9,3,18,11,5,4,8
camel-1.0.csv,synapse-1.2.csv,20,15,10,14,12,6,9,3,18,11,19,5,4
camel-1.0.csv,tomcat.csv,6,15,14,10,20,12,18,11,5,9,4
camel-1.0.csv,velocity-1.4.csv,20,10,15,14,12,6,9,3,18,5,11,4,1
camel-1.0.csv,velocity-1.6.csv,20,15,14,10,12,6,9,3,18,11,5,1,7
camel-1.0.csv,xalan-2.4.csv,15,20,10,14,13,6,9,11,18,5,4,7
camel-1.0.csv,xalan-2.5.csv,15,14,10,20,12,6,9,11,18,5,1,4
camel-1.0.csv,xalan-2.6.csv,14,10,15,20,12,6,9,11,18,5,1,4
camel-1.0.csv,xalan-2.7.csv,15,10,14,20,12,6,9,11,18,5,4,1
camel-1.0.csv,xerces-1.2.csv,15,20,14,6,9,10,13,18,11,5,19,7
camel-1.0.csv,xerces-1.3.csv,15,20,14,6,9,10,13,18,11,5,1,4
camel-1.0.csv,xerces-1.4.csv,10,15,14,6,20,17,18,11,5,1,9
camel-1.2.csv,ant-1.3.csv,10,14,20,15,12,6,9,3,18,11,5,4,1
camel-1.2.csv,ant-1.4.csv,10,15,20,14,12,6,9,3,18,4,5,11,1
camel-1.2.csv,ant-1.5.csv,10,15,20,14,12,6,9,3,18,11,1,5,4
camel-1.2.csv,ant-1.6.csv,15,10,20,14,12,6,9,3,18,11,5,1,4
camel-1.2.csv,ant-1.7.csv,6,9,10,14,20,15,12,18,11,5,1,7
camel-1.2.csv,camel-1.0.csv,20,14,10,15,12,6,9,3,18,11,5,4,7
camel-1.2.csv,camel-1.4.csv,10,14,15,20,12,6,9,3,18,11,5,7,4
camel-1.2.csv,camel-1.6.csv,10,14,15,20,12,6,9,3,11,18,5,7
camel-1.2.csv,ckjm.csv,15,13,10,20,12,6,9,3,18,7,4,8,11
camel-1.2.csv,ivy-1.1.csv,20,10,15,14,12,6,9,3,18,11,5,4,7
camel-1.2.csv,ivy-1.4.csv,15,20,10,14,2,6,9,3,18,11,5,8,1
camel-1.2.csv,ivy-2.0.csv,6,9,20,15,10,14,12,18,11,5,8,4
camel-1.2.csv,jedit-3.2.csv,6,9,15,20,14,10,12,18,11,5,1,7
camel-1.2.csv,jedit-4.0.csv,6,9,10,15,20,14,12,18,11,5,7,4
camel-1.2.csv,jedit-4.1.csv,6,9,10,14,15,20,12,18,11,7,5,4
camel-1.2.csv,jedit-4.2.csv,6,9,10,15,14,20,12,18,11,5,1,7
camel-1.2.csv,jedit-4.3.csv,6,15,14,10,20,12,18,11,5,4,9
camel-1.2.csv,log4j-1.0.csv,15,10,20,14,12,6,9,3,18,11,5,19,1
camel-1.2.csv,log4j-1.1.csv,15,10,14,20,12,6,9,3,18,11,5,1,4
camel-1.2.csv,log4j-1.2.csv,10,15,20,14,12,6,9,3,18,11,5,1,8
camel-1.2.csv,lucene-2.0.csv,15,10,14,20,12,6,9,3,18,11,5,7,8
camel-1.2.csv,lucene-2.2.csv,15,10,14,20,12,6,9,3,18,11,7,4,5
camel-1.2.csv,lucene-2.4.csv,20,10,15,14,12,6,9,3,18,11,5,1,8
camel-1.2.csv,poi-1.5.csv,6,9,10,15,20,14,12,18,11,5,4
camel-1.2.csv,poi-2.0.csv,6,9,15,14,10,20,12,18,11,5,4
camel-1.2.csv,poi-2.5.csv,6,1,10,15,20,14,12,18,11,5,4
camel-1.2.csv,poi-3.0.csv,6,1,10,20,15,14,12,18,11,5,4
camel-1.2.csv,redaktor.csv,15,20,10,12,14,6,9,3,18,11,5,4,1
camel-1.2.csv,synapse-1.0.csv,20,15,10,12,14,6,9,3,18,11,5,1,8
camel-1.2.csv,synapse-1.1.csv,10,15,20,14,12,6,9,3,18,11,5,1,4
camel-1.2.csv,synapse-1.2.csv,20,14,15,10,12,6,9,3,18,11,5,1,8
camel-1.2.csv,tomcat.csv,6,15,14,20,10,12,18,11,5,9,4
camel-1.2.csv,velocity-1.4.csv,15,14,10,20,12,6,9,3,18,11,5,4,1
camel-1.2.csv,velocity-1.6.csv,10,20,15,14,12,6,9,3,18,11,5,1,7
camel-1.2.csv,xalan-2.4.csv,15,20,10,14,12,6,9,11,18,5,1,4
camel-1.2.csv,xalan-2.5.csv,20,14,10,15,12,6,9,11,18,5,4,1
camel-1.2.csv,xalan-2.6.csv,20,10,15,14,12,6,9,11,18,5,1,4
camel-1.2.csv,xalan-2.7.csv,15,10,14,20,12,6,9,11,18,5,1,4
camel-1.2.csv,xerces-1.2.csv,14,10,20,15,12,6,9,3,18,11,5,7,1
camel-1.2.csv,xerces-1.3.csv,15,10,14,20,12,6,9,3,18,11,5,1,4
camel-1.2.csv,xerces-1.4.csv,6,15,10,14,20,12,18,11,5,7,1
camel-1.4.csv,ant-1.3.csv,15,14,10,20,2,6,9,3,18,11,5,8,1
camel-1.4.csv,ant-1.4.csv,15,10,20,14,12,6,9,3,18,11,5,1,4
camel-1.4.csv,ant-1.5.csv,15,10,20,14,12,6,9,3,18,11,5,1,8
camel-1.4.csv,ant-1.6.csv,10,20,15,14,12,6,9,3,18,11,5,4,19
camel-1.4.csv,ant-1.7.csv,6,9,20,14,15,10,12,18,11,5,1,4
camel-1.4.csv,camel-1.0.csv,20,10,15,14,17,6,9,3,18,11,4,5,1
camel-1.4.csv,camel-1.2.csv,10,14,15,20,12,6,9,3,18,11,5,7,4
camel-1.4.csv,camel-1.6.csv,15,14,10,20,12,6,9,3,18,11,5,4
camel-1.4.csv,ckjm.csv,2,14,10,20,12,6,9,3,18,8,4,19,7
camel-1.4.csv,ivy-1.1.csv,15,10,14,20,12,6,9,3,18,11,5,1,4
camel-1.4.csv,ivy-1.4.csv,14,10,15,20,17,6,9,3,18,11,5,4,7
camel-1.4.csv,ivy-2.0.csv,15,20,14,10,12,6,9,3,18,11,5,7,8
camel-1.4.csv,jedit-3.2.csv,6,9,15,14,20,10,12,18,11,4,5,7
camel-1.4.csv,jedit-4.0.csv,6,9,20,14,15,10,12,18,11,5,1,7
camel-1.4.csv,jedit-4.1.csv,6,9,15,10,20,14,12,18,11,5,8,7
camel-1.4.csv,jedit-4.2.csv,6,9,10,20,15,14,12,18,11,5,1,4
camel-1.4.csv,jedit-4.3.csv,6,9,10,15,20,14,12,18,11,5,4,1
camel-1.4.csv,log4j-1.0.csv,14,15,10,20,12,6,9,3,18,11,5,8,4
camel-1.4.csv,log4j-1.1.csv,10,14,15,20,12,6,9,3,18,11,1,5,4
camel-1.4.csv,log4j-1.2.csv,10,15,20,14,12,6,9,3,18,11,5,7,4
camel-1.4.csv,lucene-2.0.csv,15,10,14,20,12,6,9,3,18,11,4,7,5
camel-1.4.csv,lucene-2.2.csv,20,15,10,14,12,6,9,3,18,11,5,4,7
camel-1.4.csv,lucene-2.4.csv,10,15,14,20,12,6,9,3,18,11,5,8,1
camel-1.4.csv,poi-1.5.csv,6,9,20,10,15,14,12,18,11,5,4
camel-1.4.csv,poi-2.0.csv,6,1,14,15,10,20,12,18,11,5,4
camel-1.4.csv,poi-2.5.csv,6,1,14,20,15,10,12,18,11,5,4
camel-1.4.csv,poi-3.0.csv,6,1,10,15,20,14,12,18,11,5,4
camel-1.4.csv,redaktor.csv,14,10,20,15,12,6,9,3,18,11,4,5,8
camel-1.4.csv,synapse-1.0.csv,20,14,10,15,12,6,9,3,18,11,5,1,8
camel-1.4.csv,synapse-1.1.csv,20,15,14,10,12,6,9,3,18,11,19,1,4
camel-1.4.csv,synapse-1.2.csv,20,14,10,15,12,6,9,3,18,11,5,1,4
camel-1.4.csv,tomcat.csv,6,9,15,20,14,10,12,18,11,5,4,1
camel-1.4.csv,velocity-1.4.csv,10,15,20,14,12,6,9,3,18,11,5,4,1
camel-1.4.csv,velocity-1.6.csv,14,15,20,10,12,6,9,3,18,11,5,1,7
camel-1.4.csv,xalan-2.4.csv,10,15,20,14,12,6,9,11,18,5,4,7
camel-1.4.csv,xalan-2.5.csv,20,10,15,14,12,6,9,11,18,1,5,4
camel-1.4.csv,xalan-2.6.csv,15,14,20,10,12,6,9,11,18,5,7,1
camel-1.4.csv,xalan-2.7.csv,15,10,14,20,12,6,9,11,18,4,5,1
camel-1.4.csv,xerces-1.2.csv,15,10,20,14,12,6,9,3,18,11,5,1,4
camel-1.4.csv,xerces-1.3.csv,15,14,20,10,12,6,9,3,18,11,5,1,7
camel-1.4.csv,xerces-1.4.csv,15,10,20,14,12,6,9,3,18,11,5,1,7
camel-1.6.csv,ant-1.3.csv,14,15,20,10,12,6,9,3,18,11,8,5
camel-1.6.csv,ant-1.4.csv,20,14,10,15,2,6,9,3,11,18,5,4
camel-1.6.csv,ant-1.5.csv,14,15,10,20,12,6,9,3,18,11,5,4,1
camel-1.6.csv,ant-1.6.csv,14,20,10,15,12,6,9,3,18,11,1,7,5
camel-1.6.csv,ant-1.7.csv,6,9,10,14,20,15,12,18,11,5,7,4
camel-1.6.csv,camel-1.0.csv,15,20,10,14,12,6,9,3,11,18,5,4
camel-1.6.csv,camel-1.2.csv,10,14,15,20,12,6,9,3,11,18,5,7
camel-1.6.csv,camel-1.4.csv,15,14,10,20,12,6,9,3,18,11,5,4
camel-1.6.csv,ckjm.csv,6,9,11,10,15,20,12,2,18,5,1,4
camel-1.6.csv,ivy-1.1.csv,6,9,20,10,14,15,12,18,11,8,19
camel-1.6.csv,ivy-1.4.csv,6,9,10,20,15,14,17,18,11,5,8,7
camel-1.6.csv,ivy-2.0.csv,6,9,15,10,20,14,12,18,11,1,5,8
camel-1.6.csv,jedit-3.2.csv,6,15,14,20,10,12,18,11,5,4,9
camel-1.6.csv,jedit-4.0.csv,6,9,20,15,14,10,12,18,11,5,7,4
camel-1.6.csv,jedit-4.1.csv,6,10,15,20,14,12,18,11,5,1,9
camel-1.6.csv,jedit-4.2.csv,6,20,10,15,14,12,18,11,5,1,9
camel-1.6.csv,jedit-4.3.csv,6,9,15,10,20,14,12,18,11,5,4,1
camel-1.6.csv,log4j-1.0.csv,6,9,15,14,20,10,12,18,11,5,4,7
camel-1.6.csv,log4j-1.1.csv,6,9,15,20,14,10,12,18,11,8,1,5
camel-1.6.csv,log4j-1.2.csv,6,9,20,14,15,10,12,18,11,5,4
camel-1.6.csv,lucene-2.0.csv,15,14,10,20,12,6,9,3,18,11,1,5
camel-1.6.csv,lucene-2.2.csv,10,14,15,20,12,6,9,3,18,11,5,8
camel-1.6.csv,lucene-2.4.csv,6,9,20,10,15,14,12,18,11,5,4,8
camel-1.6.csv,poi-1.5.csv,6,1,15,10,14,20,12,11,5,18,4
camel-1.6.csv,poi-2.0.csv,6,1,14,15,10,20,12,18,11,5,7
camel-1.6.csv,poi-2.5.csv,6,1,20,10,15,14,12,18,11,5,4
camel-1.6.csv,poi-3.0.csv,6,1,14,10,15,20,12,18,11,5,4
camel-1.6.csv,redaktor.csv,6,9,10,15,20,14,12,18,11,5,1,4
camel-1.6.csv,synapse-1.0.csv,15,10,14,20,12,6,9,3,11,5,18,8
camel-1.6.csv,synapse-1.1.csv,20,14,10,15,12,6,9,3,18,11,5,8,4
camel-1.6.csv,synapse-1.2.csv,15,14,10,20,12,6,9,3,18,11,5,1,19
camel-1.6.csv,tomcat.csv,6,10,20,14,15,12,18,11,5,1,9
camel-1.6.csv,velocity-1.4.csv,14,10,15,20,12,6,9,3,18,11,19,4,7
camel-1.6.csv,velocity-1.6.csv,15,20,10,14,12,6,9,3,18,11,5,1,4
camel-1.6.csv,xalan-2.4.csv,14,15,20,10,12,6,9,11,18,5,7,1
camel-1.6.csv,xalan-2.5.csv,15,10,20,14,12,6,9,11,18,5,4,7
camel-1.6.csv,xalan-2.6.csv,15,20,14,10,12,6,9,11,18,5,1,4
camel-1.6.csv,xalan-2.7.csv,20,10,14,15,12,6,9,11,18,5,1,4
camel-1.6.csv,xerces-1.2.csv,6,9,15,10,20,14,12,18,11,5,1,4
camel-1.6.csv,xerces-1.3.csv,6,9,14,20,15,10,12,18,11,5,1,7
camel-1.6.csv,xerces-1.4.csv,6,14,10,20,15,12,18,11,5,4,7
ckjm.csv,ant-1.3.csv,10,20,17,15,2,6,9,3,18,11,19,5,1
ckjm.csv,ant-1.4.csv,20,14,15,2,16,6,9,3,18,5,7,11,8
ckjm.csv,ant-1.5.csv,20,15,14,2,12,6,9,3,18,5,19,4,8
ckjm.csv,ant-1.6.csv,15,10,14,20,2,6,9,3,18,7,1,4,5
ckjm.csv,ant-1.7.csv,6,15,2,14,13,10,18,7,5,8,9
ckjm.csv,camel-1.0.csv,14,13,2,15,20,6,9,3,18,1,8,11,19
ckjm.csv,camel-1.2.csv,15,13,10,20,12,6,9,3,18,7,4,8,11
ckjm.csv,camel-1.4.csv,2,14,10,20,12,6,9,3,18,8,4,19,7
ckjm.csv,camel-1.6.csv,6,9,11,10,15,20,12,2,18,5,1,4
ckjm.csv,ivy-1.1.csv,6,10,15,20,14,16,18,1,7,9,4
ckjm.csv,ivy-1.4.csv,6,15,20,10,2,14,18,1,5,11,9
ckjm.csv,ivy-2.0.csv,6,9,20,10,15,2,14,18,1,19,4,7
ckjm.csv,jedit-3.2.csv,6,10,15,12,2,13,18,5,11,1,4
ckjm.csv,jedit-4.0.csv,6,20,15,10,14,12,18,7,5,8,11
ckjm.csv,jedit-4.1.csv,6,15,10,12,14,2,18,5,8,7,4
ckjm.csv,jedit-4.2.csv,6,2,14,10,15,20,18,11,5,4,19
ckjm.csv,jedit-4.3.csv,6,9,10,17,2,15,16,18,1,5,11,8
ckjm.csv,log4j-1.0.csv,10,20,14,15,6,13,18,5,1,4,8
ckjm.csv,log4j-1.1.csv,2,14,20,12,10,6,18,1,4,5,7
ckjm.csv,log4j-1.2.csv,6,13,10,15,12,14,18,8,7,5,11
ckjm.csv,lucene-2.0.csv,20,10,15,14,12,6,3,18,11,19,1,4
ckjm.csv,lucene-2.2.csv,10,15,20,14,12,6,3,18,4,8,11,1
ckjm.csv,lucene-2.4.csv,6,10,20,2,14,16,18,4,19,7,8
ckjm.csv,poi-1.5.csv,14,19,20,10,15,6,1,11,8,4,5
ckjm.csv,poi-2.0.csv,10,6,15,14,2,20,18,5,9,11,7
ckjm.csv,poi-2.5.csv,6,10,12,20,14,2,18,8,9,11,19
ckjm.csv,poi-3.0.csv,10,15,6,2,20,12,14,18,4,5,8,11
ckjm.csv,redaktor.csv,10,15,20,2,14,6,18,8,11,19,5
ckjm.csv,synapse-1.0.csv,6,20,10,14,15,12,18,8,7,5,9
ckjm.csv,synapse-1.1.csv,10,13,12,15,6,20,18,4,9,8,1
ckjm.csv,synapse-1.2.csv,15,10,14,13,6,20,2,18,9,7,8,19
ckjm.csv,tomcat.csv,6,9,20,15,16,17,12,14,18,19,11,1
ckjm.csv,velocity-1.4.csv,13,12,14,6,9,10,16,17,18,11,5,7,4
ckjm.csv,velocity-1.6.csv,6,9,10,12,14,15,16,18,5,1,8,19
ckjm.csv,xalan-2.4.csv,2,14,20,10,12,6,9,11,18,19,7,5
ckjm.csv,xalan-2.5.csv,15,14,13,10,20,6,1,11,18,19,4,5
ckjm.csv,xalan-2.6.csv,2,10,14,15,20,6,9,11,18,19,7,1
ckjm.csv,xalan-2.7.csv,14,16,17,2,10,6,9,11,18,4,1,5
ckjm.csv,xerces-1.2.csv,10,15,20,12,6,2,17,18,4,1,5,9
ckjm.csv,xerces-1.3.csv,15,10,20,12,6,2,13,18,1,5,9,11
ckjm.csv,xerces-1.4.csv,20,15,2,14,10,6,18,7,8,19,1
ivy-1.1.csv,ant-1.3.csv,20,15,10,14,12,6,9,3,18,1,11,4,19
ivy-1.1.csv,ant-1.4.csv,10,20,15,14,12,6,9,3,18,11,5,8,4
ivy-1.1.csv,ant-1.5.csv,15,14,20,10,17,6,9,3,18,11,5,4,1
ivy-1.1.csv,ant-1.6.csv,15,14,20,10,12,6,9,3,18,11,5,8,1
ivy-1.1.csv,ant-1.7.csv,6,15,10,20,14,12,18,11,4,9,5
ivy-1.1.csv,camel-1.0.csv,14,20,10,15,17,6,9,3,18,11,1,5,4
ivy-1.1.csv,camel-1.2.csv,20,10,15,14,12,6,9,3,18,11,5,4,7
ivy-1.1.csv,camel-1.4.csv,15,10,14,20,12,6,9,3,18,11,5,1,4
ivy-1.1.csv,camel-1.6.csv,6,9,20,10,14,15,12,18,11,8,19
ivy-1.1.csv,ckjm.csv,6,10,15,20,14,16,18,1,7,9,4
ivy-1.1.csv,ivy-1.4.csv,6,15,14,10,20,13,18,8,11,5,1
ivy-1.1.csv,ivy-2.0.csv,6,9,10,15,20,14,12,18,11,4,5,1
ivy-1.1.csv,jedit-3.2.csv,6,20,15,14,10,12,18,11,7,4,5
ivy-1.1.csv,jedit-4.0.csv,6,15,10,20,14,12,18,5,11,7,8
ivy-1.1.csv,jedit-4.1.csv,6,14,15,20,10,17,18,11,5,8,9
ivy-1.1.csv,jedit-4.2.csv,6,20,15,10,14,12,18,11,5,7,4
ivy-1.1.csv,jedit-4.3.csv,6,9,14,10,15,20,12,18,11,5,4,19
ivy-1.1.csv,log4j-1.0.csv,15,20,12,10,6,13,18,11,5,8,1
ivy-1.1.csv,log4j-1.1.csv,6,15,20,14,12,10,18,11,5,4,8
ivy-1.1.csv,log4j-1.2.csv,6,20,15,14,10,13,18,1,11,9,5
ivy-1.1.csv,lucene-2.0.csv,15,10,20,14,12,6,3,18,11,5,9,4
ivy-1.1.csv,lucene-2.2.csv,6,15,10,14,20,13,18,1,5,11,4
ivy-1.1.csv,lucene-2.4.csv,6,14,10,20,15,12,18,11,4,8,1
ivy-1.1.csv,poi-1.5.csv,6,1,15,10,20,12,14,11,18,5,4
ivy-1.1.csv,poi-2.0.csv,6,14,15,20,10,12,18,11,9,1,5
ivy-1.1.csv,poi-2.5.csv,10,15,6,20,14,12,13,18,11,7,5,9
ivy-1.1.csv,poi-3.0.csv,15,10,6,20,14,2,18,11,5,9,1
ivy-1.1.csv,redaktor.csv,10,20,15,14,12,6,9,18,11,7,5,8
ivy-1.1.csv,synapse-1.0.csv,6,20,15,10,14,12,18,11,5,7,9
ivy-1.1.csv,synapse-1.1.csv,6,15,14,10,20,12,18,4,11,5,7
ivy-1.1.csv,synapse-1.2.csv,6,20,15,10,14,12,18,11,5,19,4
ivy-1.1.csv,tomcat.csv,15,14,10,20,6,17,13,18,11,4,5,7
ivy-1.1.csv,velocity-1.4.csv,6,9,20,15,10,12,14,18,11,4,5,1
ivy-1.1.csv,velocity-1.6.csv,6,9,14,10,15,20,12,18,11,5,7,4
ivy-1.1.csv,xalan-2.4.csv,10,20,15,14,2,6,9,11,18,5,4,7
ivy-1.1.csv,xalan-2.5.csv,14,15,20,10,17,6,1,11,18,5,7,8
ivy-1.1.csv,xalan-2.6.csv,14,10,20,15,12,6,9,11,18,5,4,1
ivy-1.1.csv,xalan-2.7.csv,20,15,14,10,12,6,9,11,18,5,4,8
ivy-1.1.csv,xerces-1.2.csv,20,15,10,14,6,17,13,18,5,11,1,19
ivy-1.1.csv,xerces-1.3.csv,15,10,20,14,6,17,13,18,11,5,4,1
ivy-1.1.csv,xerces-1.4.csv,10,15,20,14,6,17,13,18,11,5,4,9
ivy-1.4.csv,ant-1.3.csv,6,9,20,10,14,15,12,18,11,5,4,8
ivy-1.4.csv,ant-1.4.csv,10,15,14,20,12,6,9,3,18,11,5,4,1
ivy-1.4.csv,ant-1.5.csv,10,15,20,14,12,6,9,3,18,11,5,4,1
ivy-1.4.csv,ant-1.6.csv,15,10,20,14,12,6,9,3,18,11,5,1,7
ivy-1.4.csv,ant-1.7.csv,6,15,14,10,20,12,18,11,5,4,7
ivy-1.4.csv,camel-1.0.csv,15,20,14,10,17,6,9,3,18,11,7,4,5
ivy-1.4.csv,camel-1.2.csv,15,20,10,14,2,6,9,3,18,11,5,8,1
ivy-1.4.csv,camel-1.4.csv,14,10,15,20,17,6,9,3,18,11,5,4,7
ivy-1.4.csv,camel-1.6.csv,6,9,10,20,15,14,17,18,11,5,8,7
ivy-1.4.csv,ckjm.csv,6,15,20,10,2,14,18,1,5,11,9
ivy-1.4.csv,ivy-1.1.csv,6,15,14,10,20,13,18,8,11,5,1
ivy-1.4.csv,ivy-2.0.csv,6,14,15,10,20,12,18,11,5,7,4
ivy-1.4.csv,jedit-3.2.csv,6,20,10,15,14,12,18,11,1,5,9
ivy-1.4.csv,jedit-4.0.csv,6,10,14,15,20,12,18,11,5,9,4
ivy-1.4.csv,jedit-4.1.csv,6,15,14,10,20,12,18,11,5,7,4
ivy-1.4.csv,jedit-4.2.csv,6,15,20,14,10,12,18,11,5,9,7
ivy-1.4.csv,jedit-4.3.csv,6,9,20,10,15,14,12,18,11,5,4,1
ivy-1.4.csv,log4j-1.0.csv,6,15,10,20,14,12,18,11,5,7,4
ivy-1.4.csv,log4j-1.1.csv,6,20,15,10,14,12,18,11,1,19,4
ivy-1.4.csv,log4j-1.2.csv,6,10,15,20,14,12,18,11,5,4,1
ivy-1.4.csv,lucene-2.0.csv,6,10,14,20,15,12,18,5,11,9,4
ivy-1.4.csv,lucene-2.2.csv,6,20,15,10,14,12,18,11,1,5,9
ivy-1.4.csv,lucene-2.4.csv,6,14,15,20,10,12,18,11,1,9,5
ivy-1.4.csv,poi-1.5.csv,15,12,6,1,14,10,20,17,18,11,5,4
ivy-1.4.csv,poi-2.0.csv,15,10,6,14,20,17,18,11,5,4,7
ivy-1.4.csv,poi-2.5.csv,15,10,6,14,20,13,18,11,5,4,9
ivy-1.4.csv,poi-3.0.csv,15,10,6,20,14,13,18,11,1,9,5
ivy-1.4.csv,redaktor.csv,6,9,20,15,10,14,17,18,11,5,1,7
ivy-1.4.csv,synapse-1.0.csv,6,10,14,15,20,12,18,11,5,8,1
ivy-1.4.csv,synapse-1.1.csv,6,9,20,10,15,14,12,18,5,11,4,1
ivy-1.4.csv,synapse-1.2.csv,6,20,15,10,14,12,18,11,5,4,9
ivy-1.4.csv,tomcat.csv,6,20,14,15,10,12,18,11,5,19,9
ivy-1.4.csv,velocity-1.4.csv,6,9,10,15,20,14,12,18,11,5,4,1
ivy-1.4.csv,velocity-1.6.csv,6,9,15,10,14,20,12,18,11,5,4,1
ivy-1.4.csv,xalan-2.4.csv,10,14,15,20,12,6,9,11,18,5,1,4
ivy-1.4.csv,xalan-2.5.csv,15,14,10,20,12,6,9,11,18,5,7,1
ivy-1.4.csv,xalan-2.6.csv,10,15,20,14,12,6,9,11,18,5,1,7
ivy-1.4.csv,xalan-2.7.csv,15,14,10,20,17,6,9,11,18,1,5,4
ivy-1.4.csv,xerces-1.2.csv,10,15,20,14,6,13,17,18,11,1,9,5
ivy-1.4.csv,xerces-1.3.csv,10,20,14,15,6,17,13,18,11,5,4,1
ivy-1.4.csv,xerces-1.4.csv,14,10,20,15,6,17,13,18,11,5,1,19
ivy-2.0.csv,ant-1.3.csv,6,10,14,15,20,12,18,11,5,4,7
ivy-2.0.csv,ant-1.4.csv,6,9,15,10,20,14,12,18,11,5,1,7
ivy-2.0.csv,ant-1.5.csv,15,10,14,20,12,6,9,3,18,11,5,1,7
ivy-2.0.csv,ant-1.6.csv,10,15,14,20,12,6,9,3,18,5,11,4,7
ivy-2.0.csv,ant-1.7.csv,6,9,15,20,14,10,12,18,11,5,1,7
ivy-2.0.csv,camel-1.0.csv,6,9,20,10,14,15,12,18,11,5,4,8
ivy-2.0.csv,camel-1.2.csv,6,9,20,15,10,14,12,18,11,5,8,4
ivy-2.0.csv,camel-1.4.csv,15,20,14,10,12,6,9,3,18,11,5,7,8
ivy-2.0.csv,camel-1.6.csv,6,9,15,10,20,14,12,18,11,1,5,8
ivy-2.0.csv,ckjm.csv,6,9,20,10,15,2,14,18,1,19,4,7
ivy-2.0.csv,ivy-1.1.csv,6,9,10,15,20,14,12,18,11,4,5,1
ivy-2.0.csv,ivy-1.4.csv,6,14,15,10,20,12,18,11,5,7,4
ivy-2.0.csv,jedit-3.2.csv,6,15,10,14,20,12,18,11,5,1,4
ivy-2.0.csv,jedit-4.0.csv,6,20,14,15,10,12,18,11,5,4,8
ivy-2.0.csv,jedit-4.1.csv,6,15,20,10,14,12,18,11,4,5,9
ivy-2.0.csv,jedit-4.2.csv,6,10,14,20,15,12,18,11,5,1,4
ivy-2.0.csv,jedit-4.3.csv,6,9,10,15,20,14,12,18,5,11,7,19
ivy-2.0.csv,log4j-1.0.csv,6,15,10,20,14,12,18,11,5,1,9
ivy-2.0.csv,log4j-1.1.csv,6,14,20,15,10,12,18,11,5,19,1
ivy-2.0.csv,log4j-1.2.csv,6,15,10,20,14,12,18,11,5,7,4
ivy-2.0.csv,lucene-2.0.csv,6,14,10,15,20,12,18,11,1,4,7
ivy-2.0.csv,lucene-2.2.csv,6,20,15,10,14,12,18,11,5,9,4
ivy-2.0.csv,lucene-2.4.csv,6,15,14,10,20,12,18,11,5,4,7
ivy-2.0.csv,poi-1.5.csv,15,12,14,6,9,20,10,17,18,11,4,5,7
ivy-2.0.csv,poi-2.0.csv,10,15,6,20,14,13,18,11,5,1,9
ivy-2.0.csv,poi-2.5.csv,15,10,6,20,14,13,18,11,5,1,9
ivy-2.0.csv,poi-3.0.csv,10,15,6,20,14,17,18,11,5,7,4
ivy-2.0.csv,redaktor.csv,15,10,20,14,12,6,9,18,11,1,8,7
ivy-2.0.csv,synapse-1.0.csv,6,20,14,15,10,12,18,11,5,19,7
ivy-2.0.csv,synapse-1.1.csv,6,15,20,10,14,12,18,11,5,7,4
ivy-2.0.csv,synapse-1.2.csv,6,15,20,10,14,12,18,4,5,11,7
ivy-2.0.csv,tomcat.csv,6,20,15,14,10,12,18,11,5,1,9
ivy-2.0.csv,velocity-1.4.csv,6,9,15,20,14,10,12,18,11,4,5,8
ivy-2.0.csv,velocity-1.6.csv,6,9,15,10,20,14,12,18,11,5,7,4
ivy-2.0.csv,xalan-2.4.csv,15,20,10,14,12,6,9,11,18,5,1,7
ivy-2.0.csv,xalan-2.5.csv,15,14,20,10,12,6,9,11,18,5,4,8
ivy-2.0.csv,xalan-2.6.csv,14,10,20,15,12,6,9,11,18,5,4,1
ivy-2.0.csv,xalan-2.7.csv,20,15,14,10,12,6,9,11,18,5,4,1
ivy-2.0.csv,xerces-1.2.csv,15,20,14,10,6,17,13,18,11,5,1,7
ivy-2.0.csv,xerces-1.3.csv,15,10,20,14,6,17,13,18,11,1,5,9
ivy-2.0.csv,xerces-1.4.csv,20,14,15,10,6,13,17,18,11,4,5,1
jedit-3.2.csv,ant-1.3.csv,6,14,15,20,10,12,18,11,5,4,7
jedit-3.2.csv,ant-1.4.csv,6,20,15,10,14,12,18,11,5,9,7
jedit-3.2.csv,ant-1.5.csv,6,10,15,14,20,12,18,11,5,9,1
jedit-3.2.csv,ant-1.6.csv,6,10,20,14,15,12,18,11,5,19,8
jedit-3.2.csv,ant-1.7.csv,6,15,20,10,14,12,18,11,5,4,7
jedit-3.2.csv,camel-1.0.csv,6,9,15,20,14,10,12,18,11,5,4,19
jedit-3.2.csv,camel-1.2.csv,6,9,15,20,14,10,12,18,11,5,1,7
jedit-3.2.csv,camel-1.4.csv,6,9,15,14,20,10,12,18,11,4,5,7
jedit-3.2.csv,camel-1.6.csv,6,15,14,20,10,12,18,11,5,4,9
jedit-3.2.csv,ckjm.csv,6,10,15,12,2,13,18,5,11,1,4
jedit-3.2.csv,ivy-1.1.csv,6,20,15,14,10,12,18,11,7,4,5
jedit-3.2.csv,ivy-1.4.csv,6,20,10,15,14,12,18,11,1,5,9
jedit-3.2.csv,ivy-2.0.csv,6,15,10,14,20,12,18,11,5,1,4
jedit-3.2.csv,jedit-4.0.csv,6,10,20,15,14,12,18,11,5,4,1
jedit-3.2.csv,jedit-4.1.csv,6,14,20,10,15,12,18,11,5,4,19
jedit-3.2.csv,jedit-4.2.csv,6,10,20,15,14,12,18,11,5,1,4
jedit-3.2.csv,jedit-4.3.csv,6,10,20,15,14,12,18,11,5,4,7
jedit-3.2.csv,log4j-1.0.csv,6,20,14,15,12,10,18,11,4,5,1
jedit-3.2.csv,log4j-1.1.csv,6,10,15,20,14,12,18,11,9,5,1
jedit-3.2.csv,log4j-1.2.csv,6,14,10,15,20,12,18,11,5,1,4
jedit-3.2.csv,lucene-2.0.csv,6,20,15,10,14,12,18,11,5,7,4
jedit-3.2.csv,lucene-2.2.csv,6,20,10,15,14,12,18,11,5,1,9
jedit-3.2.csv,lucene-2.4.csv,6,20,10,15,14,12,18,11,7,5,8
jedit-3.2.csv,poi-1.5.csv,10,15,14,6,20,13,17,18,11,5,7,1
jedit-3.2.csv,poi-2.0.csv,15,14,10,6,20,13,17,18,5,11,1,8
jedit-3.2.csv,poi-2.5.csv,10,14,15,6,20,13,17,18,11,5,1,4
jedit-3.2.csv,poi-3.0.csv,14,15,10,6,20,13,2,18,11,5,9,4
jedit-3.2.csv,redaktor.csv,6,15,20,14,10,12,18,11,1,5,4
jedit-3.2.csv,synapse-1.0.csv,6,20,10,14,15,12,18,11,5,1,4
jedit-3.2.csv,synapse-1.1.csv,6,10,20,15,14,12,18,11,5,19,9
jedit-3.2.csv,synapse-1.2.csv,6,20,15,14,10,12,18,11,4,5,9
jedit-3.2.csv,tomcat.csv,20,15,14,10,6,13,17,18,11,5,1,7
jedit-3.2.csv,velocity-1.4.csv,6,20,15,10,14,12,18,5,11,9,4
jedit-3.2.csv,velocity-1.6.csv,6,9,15,10,14,20,12,18,11,5,4,8
jedit-3.2.csv,xalan-2.4.csv,10,14,20,15,12,6,9,11,18,7,1,5
jedit-3.2.csv,xalan-2.5.csv,20,15,14,10,12,6,9,11,18,5,4,7
jedit-3.2.csv,xalan-2.6.csv,20,10,14,15,12,6,9,11,18,5,7,4
jedit-3.2.csv,xalan-2.7.csv,20,15,14,10,12,6,9,11,18,5,8,7
jedit-3.2.csv,xerces-1.2.csv,6,10,15,20,14,12,18,11,1,5,8
jedit-3.2.csv,xerces-1.3.csv,20,10,15,14,6,17,2,18,11,5,1,9
jedit-3.2.csv,xerces-1.4.csv,20,15,10,14,6,17,13,18,11,5,4,1
jedit-4.0.csv,ant-1.3.csv,6,15,14,20,10,12,18,11,5,4,9
jedit-4.0.csv,ant-1.4.csv,6,14,20,10,15,12,18,11,5,9,1
jedit-4.0.csv,ant-1.5.csv,6,10,14,20,15,12,18,11,5,1,4
jedit-4.0.csv,ant-1.6.csv,6,10,14,20,15,12,18,11,5,4,8
jedit-4.0.csv,ant-1.7.csv,6,10,15,20,14,12,18,5,11,1,7
jedit-4.0.csv,camel-1.0.csv,6,20,15,14,10,12,18,11,5,4,7
jedit-4.0.csv,camel-1.2.csv,6,9,10,15,20,14,12,18,11,5,7,4
jedit-4.0.csv,camel-1.4.csv,6,9,20,14,15,10,12,18,11,5,1,7
jedit-4.0.csv,camel-1.6.csv,6,9,20,15,14,10,12,18,11,5,7,4
jedit-4.0.csv,ckjm.csv,6,20,15,10,14,12,18,7,5,8,11
jedit-4.0.csv,ivy-1.1.csv,6,15,10,20,14,12,18,5,11,7,8
jedit-4.0.csv,ivy-1.4.csv,6,10,14,15,20,12,18,11,5,9,4
jedit-4.0.csv,ivy-2.0.csv,6,20,14,15,10,12,18,11,5,4,8
jedit-4.0.csv,jedit-3.2.csv,6,10,20,15,14,12,18,11,5,4,1
jedit-4.0.csv,jedit-4.1.csv,6,20,15,10,12,14,18,11,5,9,7
jedit-4.0.csv,jedit-4.2.csv,6,14,10,15,20,12,18,11,4,5,7
jedit-4.0.csv,jedit-4.3.csv,6,10,15,14,20,12,18,11,5,1,9
jedit-4.0.csv,log4j-1.0.csv,6,15,14,10,20,12,18,5,11,7,19
jedit-4.0.csv,log4j-1.1.csv,6,20,14,10,15,12,18,11,5,1,4
jedit-4.0.csv,log4j-1.2.csv,6,20,10,15,14,12,18,11,5,1,7
jedit-4.0.csv,lucene-2.0.csv,6,20,10,15,12,14,18,11,5,4,1
jedit-4.0.csv,lucene-2.2.csv,6,10,20,14,15,12,18,11,5,8,4
jedit-4.0.csv,lucene-2.4.csv,6,14,15,20,10,12,18,11,4,5,8
jedit-4.0.csv,poi-1.5.csv,10,15,14,6,20,17,13,18,11,5,4,9
jedit-4.0.csv,poi-2.0.csv,15,10,14,6,20,13,17,18,11,5,1,7
jedit-4.0.csv,poi-2.5.csv,15,10,14,6,20,17,13,18,11,5,1,7
jedit-4.0.csv,poi-3.0.csv,15,10,14,6,20,17,13,18,11,5,1,19
jedit-4.0.csv,redaktor.csv,6,10,20,15,14,12,18,11,5,4,1
jedit-4.0.csv,synapse-1.0.csv,6,15,20,14,10,17,18,11,5,9,4
jedit-4.0.csv,synapse-1.1.csv,6,14,20,15,10,12,18,11,5,1,4
jedit-4.0.csv,synapse-1.2.csv,6,20,10,15,12,14,18,11,5,4,19
jedit-4.0.csv,tomcat.csv,15,10,14,20,6,17,13,18,11,5,1,9
jedit-4.0.csv,velocity-1.4.csv,6,15,10,20,14,12,18,11,5,9,7
jedit-4.0.csv,velocity-1.6.csv,6,20,15,14,10,12,18,11,5,4,7
jedit-4.0.csv,xalan-2.4.csv,20,15,14,10,12,6,9,11,18,5,4,7
jedit-4.0.csv,xalan-2.5.csv,20,15,14,10,17,6,9,11,18,5,1,4
jedit-4.0.csv,xalan-2.6.csv,15,14,20,10,17,6,9,11,18,4,1,5
jedit-4.0.csv,xalan-2.7.csv,10,20,15,14,12,6,9,11,18,5,4,1
jedit-4.0.csv,xerces-1.2.csv,6,15,10,20,14,12,18,11,5,19,7
jedit-4.0.csv,xerces-1.3.csv,6,20,14,10,15,12,18,11,5,1,9
jedit-4.0.csv,xerces-1.4.csv,14,10,15,20,6,17,2,18,11,5,1,9
jedit-4.1.csv,ant-1.3.csv,6,15,10,20,14,17,18,5,11,1,7
jedit-4.1.csv,ant-1.4.csv,6,15,10,14,20,12,18,11,5,4,1
jedit-4.1.csv,ant-1.5.csv,6,15,14,10,20,12,18,11,8,5,1
jedit-4.1.csv,ant-1.6.csv,6,10,14,20,15,12,18,11,5,7,9
jedit-4.1.csv,ant-1.7.csv,14,15,20,10,12,6,3,18,11,5,4,1
jedit-4.1.csv,camel-1.0.csv,6,14,10,15,20,12,18,11,1,5,4
jedit-4.1.csv,camel-1.2.csv,6,9,10,14,15,20,12,18,11,7,5,4
jedit-4.1.csv,camel-1.4.csv,6,9,15,10,20,14,12,18,11,5,8,7
jedit-4.1.csv,camel-1.6.csv,6,10,15,20,14,12,18,11,5,1,9
jedit-4.1.csv,ckjm.csv,6,15,10,12,14,2,18,5,8,7,4
jedit-4.1.csv,ivy-1.1.csv,6,14,15,20,10,17,18,11,5,8,9
jedit-4.1.csv,ivy-1.4.csv,6,15,14,10,20,12,18,11,5,7,4
jedit-4.1.csv,ivy-2.0.csv,6,15,20,10,14,12,18,11,4,5,9
jedit-4.1.csv,jedit-3.2.csv,6,14,20,10,15,12,18,11,5,4,19
jedit-4.1.csv,jedit-4.0.csv,6,20,15,10,12,14,18,11,5,9,7
jedit-4.1.csv,jedit-4.2.csv,6,20,14,10,15,12,18,11,4,5,7
jedit-4.1.csv,jedit-4.3.csv,6,15,20,10,14,12,18,11,5,19,7
jedit-4.1.csv,log4j-1.0.csv,6,10,15,20,14,12,18,5,11,4,1
jedit-4.1.csv,log4j-1.1.csv,6,15,20,10,14,12,18,11,5,9,8
jedit-4.1.csv,log4j-1.2.csv,6,10,15,14,20,12,18,11,5,9,1
jedit-4.1.csv,lucene-2.0.csv,6,15,14,20,12,10,18,11,1,9,5
jedit-4.1.csv,lucene-2.2.csv,6,14,20,15,10,12,18,11,5,7,4
jedit-4.1.csv,lucene-2.4.csv,6,10,15,20,14,12,18,11,5,9,19
jedit-4.1.csv,poi-1.5.csv,10,15,14,6,20,17,13,18,11,9,5,1
jedit-4.1.csv,poi-2.0.csv,10,15,14,6,20,17,13,18,11,5,1,8
jedit-4.1.csv,poi-2.5.csv,15,10,14,6,20,13,17,18,11,5,8,4
jedit-4.1.csv,poi-3.0.csv,14,10,15,6,20,17,13,18,11,5,4,1
jedit-4.1.csv,redaktor.csv,6,10,15,20,14,12,18,11,5,4,7
jedit-4.1.csv,synapse-1.0.csv,6,15,20,10,14,12,18,5,11,1,4
jedit-4.1.csv,synapse-1.1.csv,6,20,15,10,14,12,18,11,5,4,8
jedit-4.1.csv,synapse-1.2.csv,6,15,10,20,14,12,18,11,1,5,7
jedit-4.1.csv,tomcat.csv,6,20,14,15,10,12,18,11,5,19,9
jedit-4.1.csv,velocity-1.4.csv,6,10,14,20,15,12,18,5,11,4,1
jedit-4.1.csv,velocity-1.6.csv,6,15,20,14,10,12,18,5,4,11,7
jedit-4.1.csv,xalan-2.4.csv,15,10,20,14,12,6,9,11,18,5,7,4
jedit-4.1.csv,xalan-2.5.csv,14,10,15,20,12,6,9,11,18,4,5,8
jedit-4.1.csv,xalan-2.6.csv,15,14,10,20,12,6,9,11,18,5,4,7
jedit-4.1.csv,xalan-2.7.csv,15,10,20,14,12,6,9,11,18,5,7,4
jedit-4.1.csv,xerces-1.2.csv,6,10,15,14,20,12,18,11,5,19,9
jedit-4.1.csv,xerces-1.3.csv,6,15,14,20,10,12,18,11,5,1,4
jedit-4.1.csv,xerces-1.4.csv,10,20,15,14,6,17,13,18,11,5,1,4
jedit-4.2.csv,ant-1.3.csv,6,20,15,14,10,12,18,11,1,5,4
jedit-4.2.csv,ant-1.4.csv,6,15,14,20,10,12,18,11,8,5,1
jedit-4.2.csv,ant-1.5.csv,6,20,10,14,12,15,18,11,5,1,7
jedit-4.2.csv,ant-1.6.csv,6,14,20,15,10,12,18,11,5,4,19
jedit-4.2.csv,ant-1.7.csv,15,20,10,14,12,6,3,18,11,5,4,1
jedit-4.2.csv,camel-1.0.csv,6,15,14,10,20,12,18,11,7,4,5
jedit-4.2.csv,camel-1.2.csv,6,9,10,15,14,20,12,18,11,5,1,7
jedit-4.2.csv,camel-1.4.csv,6,9,10,20,15,14,12,18,11,5,1,4
jedit-4.2.csv,camel-1.6.csv,6,20,10,15,14,12,18,11,5,1,9
jedit-4.2.csv,ckjm.csv,6,2,14,10,15,20,18,11,5,4,19
jedit-4.2.csv,ivy-1.1.csv,6,20,15,10,14,12,18,11,5,7,4
jedit-4.2.csv,ivy-1.4.csv,6,15,20,14,10,12,18,11,5,9,7
jedit-4.2.csv,ivy-2.0.csv,6,10,14,20,15,12,18,11,5,1,4
jedit-4.2.csv,jedit-3.2.csv,6,10,20,15,14,12,18,11,5,1,4
jedit-4.2.csv,jedit-4.0.csv,6,14,10,15,20,12,18,11,4,5,7
jedit-4.2.csv,jedit-4.1.csv,6,20,14,10,15,12,18,11,4,5,7
jedit-4.2.csv,jedit-4.3.csv,6,20,10,15,14,12,18,11,5,7,4
jedit-4.2.csv,log4j-1.0.csv,6,20,14,10,15,12,18,11,5,8,7
jedit-4.2.csv,log4j-1.1.csv,6,15,12,20,10,14,18,11,7,1,19
jedit-4.2.csv,log4j-1.2.csv,6,14,20,15,10,12,18,11,5,19,9
jedit-4.2.csv,lucene-2.0.csv,6,14,10,20,15,12,18,11,5,7,1
jedit-4.2.csv,lucene-2.2.csv,6,20,15,14,10,12,18,11,4,8,5
jedit-4.2.csv,lucene-2.4.csv,6,10,20,15,14,12,18,5,11,1,4
jedit-4.2.csv,poi-1.5.csv,15,10,14,6,20,13,17,18,11,9,5,8
jedit-4.2.csv,poi-2.0.csv,10,14,15,6,20,13,17,18,11,5,1,7
jedit-4.2.csv,poi-2.5.csv,10,15,14,6,20,17,13,18,11,5,1,9
jedit-4.2.csv,poi-3.0.csv,15,10,14,6,20,13,17,18,11,5,9,1
jedit-4.2.csv,redaktor.csv,6,10,20,15,14,12,18,11,5,1,4
jedit-4.2.csv,synapse-1.0.csv,6,20,15,14,10,12,18,11,5,1,19
jedit-4.2.csv,synapse-1.1.csv,6,20,10,14,12,15,18,5,11,8,7
jedit-4.2.csv,synapse-1.2.csv,6,20,10,12,15,14,18,11,5,4,9
jedit-4.2.csv,tomcat.csv,6,15,20,10,14,12,18,5,11,4,1
jedit-4.2.csv,velocity-1.4.csv,6,10,20,14,12,15,18,11,5,4,1
jedit-4.2.csv,velocity-1.6.csv,6,14,10,20,15,12,18,11,5,7,4
jedit-4.2.csv,xalan-2.4.csv,15,20,14,10,12,6,9,11,18,5,1,4
jedit-4.2.csv,xalan-2.5.csv,10,15,14,20,12,6,9,11,18,5,1,4
jedit-4.2.csv,xalan-2.6.csv,20,10,15,14,12,6,9,11,18,5,8,4
jedit-4.2.csv,xalan-2.7.csv,15,20,10,14,12,6,9,11,18,5,4,1
jedit-4.2.csv,xerces-1.2.csv,6,15,20,14,10,12,18,11,5,9,4
jedit-4.2.csv,xerces-1.3.csv,6,14,15,20,10,12,18,11,5,7,19
jedit-4.2.csv,xerces-1.4.csv,20,15,10,14,6,17,13,18,11,1,5,7
jedit-4.3.csv,ant-1.3.csv,6,20,15,10,14,12,18,5,11,4,1
jedit-4.3.csv,ant-1.4.csv,6,15,10,14,20,12,18,11,4,8,5
jedit-4.3.csv,ant-1.5.csv,6,15,20,10,14,12,18,11,5,1,7
jedit-4.3.csv,ant-1.6.csv,6,15,10,20,14,12,18,5,11,4,1
jedit-4.3.csv,ant-1.7.csv,14,10,15,20,12,6,3,18,11,4,5,19
jedit-4.3.csv,camel-1.0.csv,6,15,10,20,14,13,18,11,5,4,9
jedit-4.3.csv,camel-1.2.csv,6,15,14,10,20,12,18,11,5,4,9
jedit-4.3.csv,camel-1.4.csv,6,9,10,15,20,14,12,18,11,5,4,1
jedit-4.3.csv,camel-1.6.csv,6,9,15,10,20,14,12,18,11,5,4,1
jedit-4.3.csv,ckjm.csv,6,9,10,17,2,15,16,18,1,5,11,8
jedit-4.3.csv,ivy-1.1.csv,6,9,14,10,15,20,12,18,11,5,4,19
jedit-4.3.csv,ivy-1.4.csv,6,9,20,10,15,14,12,18,11,5,4,1
jedit-4.3.csv,ivy-2.0.csv,6,9,10,15,20,14,12,18,5,11,7,19
jedit-4.3.csv,jedit-3.2.csv,6,10,20,15,14,12,18,11,5,4,7
jedit-4.3.csv,jedit-4.0.csv,6,10,15,14,20,12,18,11,5,1,9
jedit-4.3.csv,jedit-4.1.csv,6,15,20,10,14,12,18,11,5,19,7
jedit-4.3.csv,jedit-4.2.csv,6,20,10,15,14,12,18,11,5,7,4
jedit-4.3.csv,log4j-1.0.csv,6,9,14,10,15,20,12,18,11,5,19,1
jedit-4.3.csv,log4j-1.1.csv,6,9,15,14,12,10,20,18,11,7,5,19
jedit-4.3.csv,log4j-1.2.csv,6,9,15,14,20,10,12,18,5,11,4,7
jedit-4.3.csv,lucene-2.0.csv,6,15,20,10,14,13,18,11,5,8,4
jedit-4.3.csv,lucene-2.2.csv,6,15,14,10,20,12,18,11,5,4,19
jedit-4.3.csv,lucene-2.4.csv,6,20,10,14,15,12,18,11,5,4,1
jedit-4.3.csv,poi-1.5.csv,6,20,10,15,14,12,18,11,5,1,4
jedit-4.3.csv,poi-2.0.csv,10,15,14,6,20,13,17,18,11,5,4,9
jedit-4.3.csv,poi-2.5.csv,10,15,14,6,20,13,17,18,11,5,1,7
jedit-4.3.csv,poi-3.0.csv,10,15,14,6,20,13,2,18,11,5,4,7
jedit-4.3.csv,redaktor.csv,6,20,15,14,10,12,18,11,5,4,8
jedit-4.3.csv,synapse-1.0.csv,6,20,15,10,14,12,18,11,5,7,4
jedit-4.3.csv,synapse-1.1.csv,6,9,10,15,20,14,12,18,11,5,7,19
jedit-4.3.csv,synapse-1.2.csv,6,15,20,10,14,12,18,11,4,9,5
jedit-4.3.csv,tomcat.csv,6,15,14,10,20,12,18,11,5,1,4
jedit-4.3.csv,velocity-1.4.csv,6,10,15,20,14,3,18,11,5,9,7
jedit-4.3.csv,velocity-1.6.csv,6,14,20,10,15,12,18,11,5,4,7
jedit-4.3.csv,xalan-2.4.csv,15,20,10,14,12,6,9,11,18,5,4,1
jedit-4.3.csv,xalan-2.5.csv,15,20,10,14,12,6,9,11,18,5,1,4
jedit-4.3.csv,xalan-2.6.csv,15,20,10,14,12,6,9,11,18,5,4,1
jedit-4.3.csv,xalan-2.7.csv,15,14,10,20,12,6,9,11,18,5,1,8
jedit-4.3.csv,xerces-1.2.csv,6,14,10,15,20,12,18,11,5,1,4
jedit-4.3.csv,xerces-1.3.csv,6,20,15,10,14,12,18,11,5,1,4
jedit-4.3.csv,xerces-1.4.csv,6,14,10,15,20,12,18,11,5,4,19
log4j-1.0.csv,ant-1.3.csv,15,10,20,14,12,6,9,3,18,11,7,5,8
log4j-1.0.csv,ant-1.4.csv,15,20,14,10,12,6,9,3,18,11,5,4,7
log4j-1.0.csv,ant-1.5.csv,20,15,10,14,12,6,9,3,18,11,5,1,4
log4j-1.0.csv,ant-1.6.csv,14,20,15,10,12,6,9,3,18,11,5,8,1
log4j-1.0.csv,ant-1.7.csv,6,20,10,14,15,12,18,11,5,4,8
log4j-1.0.csv,camel-1.0.csv,15,10,14,20,12,6,9,3,18,11,5,4,1
log4j-1.0.csv,camel-1.2.csv,15,10,20,14,12,6,9,3,18,11,5,19,1
log4j-1.0.csv,camel-1.4.csv,14,15,10,20,12,6,9,3,18,11,5,8,4
log4j-1.0.csv,camel-1.6.csv,6,9,15,14,20,10,12,18,11,5,4,7
log4j-1.0.csv,ckjm.csv,10,20,14,15,6,13,18,5,1,4,8
log4j-1.0.csv,ivy-1.1.csv,15,20,12,10,6,13,18,11,5,8,1
log4j-1.0.csv,ivy-1.4.csv,6,15,10,20,14,12,18,11,5,7,4
log4j-1.0.csv,ivy-2.0.csv,6,15,10,20,14,12,18,11,5,1,9
log4j-1.0.csv,jedit-3.2.csv,6,20,14,15,12,10,18,11,4,5,1
log4j-1.0.csv,jedit-4.0.csv,6,15,14,10,20,12,18,5,11,7,19
log4j-1.0.csv,jedit-4.1.csv,6,10,15,20,14,12,18,5,11,4,1
log4j-1.0.csv,jedit-4.2.csv,6,20,14,10,15,12,18,11,5,8,7
log4j-1.0.csv,jedit-4.3.csv,6,9,14,10,15,20,12,18,11,5,19,1
log4j-1.0.csv,log4j-1.1.csv,10,15,14,20,12,6,3,18,11,5,7,1
log4j-1.0.csv,log4j-1.2.csv,10,15,20,14,6,12,13,18,11,5,7,4
log4j-1.0.csv,lucene-2.0.csv,10,15,20,14,12,6,3,18,11,9,4,7
log4j-1.0.csv,lucene-2.2.csv,20,14,10,13,15,6,3,18,5,4,11,9
log4j-1.0.csv,lucene-2.4.csv,6,15,10,20,14,12,18,11,5,4,8
log4j-1.0.csv,poi-1.5.csv,6,9,20,10,15,12,14,11,18,5,4
log4j-1.0.csv,poi-2.0.csv,6,15,20,14,10,12,18,11,5,9,4
log4j-1.0.csv,poi-2.5.csv,15,10,6,20,14,12,17,18,9,11,1,5
log4j-1.0.csv,poi-3.0.csv,15,10,6,20,14,12,17,18,11,9,5,4
log4j-1.0.csv,redaktor.csv,15,20,12,10,14,6,18,11,8,5,7
log4j-1.0.csv,synapse-1.0.csv,10,15,20,14,12,6,9,3,18,11,5,4,19
log4j-1.0.csv,synapse-1.1.csv,6,20,15,10,14,12,18,11,5,4,7
log4j-1.0.csv,synapse-1.2.csv,6,10,15,20,12,14,18,5,11,8,19
log4j-1.0.csv,tomcat.csv,6,9,20,15,10,14,17,12,18,11,5,7
log4j-1.0.csv,velocity-1.4.csv,15,20,10,12,14,6,9,3,18,11,5,4,1
log4j-1.0.csv,velocity-1.6.csv,10,15,20,14,12,6,9,3,18,11,4,1,5
log4j-1.0.csv,xalan-2.4.csv,10,15,14,20,12,6,9,11,18,8,5,4
log4j-1.0.csv,xalan-2.5.csv,15,20,14,10,12,6,1,11,18,5,4,8
log4j-1.0.csv,xalan-2.6.csv,15,10,14,20,12,6,9,11,18,7,4,5
log4j-1.0.csv,xalan-2.7.csv,15,20,10,14,12,6,9,11,18,5,8,1
log4j-1.0.csv,xerces-1.2.csv,14,15,10,20,6,13,17,18,5,11,9,4
log4j-1.0.csv,xerces-1.3.csv,14,15,20,10,6,2,17,18,11,7,5,19
log4j-1.0.csv,xerces-1.4.csv,10,14,20,15,6,17,13,18,11,5,1,9
log4j-1.1.csv,ant-1.3.csv,20,15,10,14,12,6,9,3,18,11,4,5,7
log4j-1.1.csv,ant-1.4.csv,10,14,20,15,12,6,9,3,18,11,5,19,4
log4j-1.1.csv,ant-1.5.csv,15,10,20,14,12,6,9,3,18,5,1,11,7
log4j-1.1.csv,ant-1.6.csv,14,15,20,10,12,6,9,3,18,11,4,5,1
log4j-1.1.csv,ant-1.7.csv,6,10,15,20,14,12,18,11,5,9,1
log4j-1.1.csv,camel-1.0.csv,10,20,15,14,12,6,9,3,18,11,5,8,4
log4j-1.1.csv,camel-1.2.csv,15,10,14,20,12,6,9,3,18,11,5,1,4
log4j-1.1.csv,camel-1.4.csv,10,14,15,20,12,6,9,3,18,11,1,5,4
log4j-1.1.csv,camel-1.6.csv,6,9,15,20,14,10,12,18,11,8,1,5
log4j-1.1.csv,ckjm.csv,2,14,20,12,10,6,18,1,4,5,7
log4j-1.1.csv,ivy-1.1.csv,6,15,20,14,12,10,18,11,5,4,8
log4j-1.1.csv,ivy-1.4.csv,6,20,15,10,14,12,18,11,1,19,4
log4j-1.1.csv,ivy-2.0.csv,6,14,20,15,10,12,18,11,5,19,1
log4j-1.1.csv,jedit-3.2.csv,6,10,15,20,14,12,18,11,9,5,1
log4j-1.1.csv,jedit-4.0.csv,6,20,14,10,15,12,18,11,5,1,4
log4j-1.1.csv,jedit-4.1.csv,6,15,20,10,14,12,18,11,5,9,8
log4j-1.1.csv,jedit-4.2.csv,6,15,12,20,10,14,18,11,7,1,19
log4j-1.1.csv,jedit-4.3.csv,6,9,15,14,12,10,20,18,11,7,5,19
log4j-1.1.csv,log4j-1.0.csv,10,15,14,20,12,6,3,18,11,5,7,1
log4j-1.1.csv,log4j-1.2.csv,6,10,20,15,14,12,18,1,5,11,7
log4j-1.1.csv,lucene-2.0.csv,20,10,15,14,12,6,3,18,11,4,5,8
log4j-1.1.csv,lucene-2.2.csv,10,15,20,14,12,6,3,18,11,1,5,19
log4j-1.1.csv,lucene-2.4.csv,6,20,15,10,14,12,18,5,11,4,7
log4j-1.1.csv,poi-1.5.csv,6,1,10,15,20,14,12,18,11,5,8
log4j-1.1.csv,poi-2.0.csv,6,20,15,12,10,14,18,9,1,11,5
log4j-1.1.csv,poi-2.5.csv,15,10,6,20,14,12,17,18,1,11,4,9
log4j-1.1.csv,poi-3.0.csv,15,10,6,20,14,12,17,18,11,9,5,1
log4j-1.1.csv,redaktor.csv,10,15,14,20,12,6,18,11,4,5,9
log4j-1.1.csv,synapse-1.0.csv,6,14,15,20,10,12,18,11,5,1,9
log4j-1.1.csv,synapse-1.1.csv,6,10,20,15,14,12,18,11,5,1,7
log4j-1.1.csv,synapse-1.2.csv,6,15,20,10,12,14,18,11,5,1,4
log4j-1.1.csv,tomcat.csv,6,9,15,20,14,12,10,17,18,11,5,7
log4j-1.1.csv,velocity-1.4.csv,6,9,10,20,14,15,12,18,11,5,4,1
log4j-1.1.csv,velocity-1.6.csv,6,9,15,10,20,12,14,18,11,1,4,5
log4j-1.1.csv,xalan-2.4.csv,14,20,10,15,12,6,9,11,18,4,5,8
log4j-1.1.csv,xalan-2.5.csv,15,14,20,10,12,6,1,11,18,5,8,4
log4j-1.1.csv,xalan-2.6.csv,15,20,10,14,12,6,9,11,18,7,5,1
log4j-1.1.csv,xalan-2.7.csv,15,12,14,10,20,6,9,11,18,8,5,4
log4j-1.1.csv,xerces-1.2.csv,20,15,14,12,6,13,17,18,11,5,8,4
log4j-1.1.csv,xerces-1.3.csv,15,10,20,14,6,13,2,18,5,9,11,4
log4j-1.1.csv,xerces-1.4.csv,20,15,10,14,12,6,18,5,11,9,4
log4j-1.2.csv,ant-1.3.csv,10,15,20,14,6,13,18,11,5,9,4
log4j-1.2.csv,ant-1.4.csv,14,20,10,12,15,6,9,3,18,11,5,8,4
log4j-1.2.csv,ant-1.5.csv,20,15,10,14,12,6,9,3,18,11,5,4,1
log4j-1.2.csv,ant-1.6.csv,15,20,14,10,12,6,9,3,18,11,5,4,19
log4j-1.2.csv,ant-1.7.csv,6,15,14,20,10,12,18,11,5,4,1
log4j-1.2.csv,camel-1.0.csv,15,14,20,10,12,6,9,3,18,11,5,7,1
log4j-1.2.csv,camel-1.2.csv,10,15,20,14,12,6,9,3,18,11,5,1,8
log4j-1.2.csv,camel-1.4.csv,10,15,20,14,12,6,9,3,18,11,5,7,4
log4j-1.2.csv,camel-1.6.csv,6,9,20,14,15,10,12,18,11,5,4
log4j-1.2.csv,ckjm.csv,6,13,10,15,12,14,18,8,7,5,11
log4j-1.2.csv,ivy-1.1.csv,6,20,15,14,10,13,18,1,11,9,5
log4j-1.2.csv,ivy-1.4.csv,6,10,15,20,14,12,18,11,5,4,1
log4j-1.2.csv,ivy-2.0.csv,6,15,10,20,14,12,18,11,5,7,4
log4j-1.2.csv,jedit-3.2.csv,6,14,10,15,20,12,18,11,5,1,4
log4j-1.2.csv,jedit-4.0.csv,6,20,10,15,14,12,18,11,5,1,7
log4j-1.2.csv,jedit-4.1.csv,6,10,15,14,20,12,18,11,5,9,1
log4j-1.2.csv,jedit-4.2.csv,6,14,20,15,10,12,18,11,5,19,9
log4j-1.2.csv,jedit-4.3.csv,6,9,15,14,20,10,12,18,5,11,4,7
log4j-1.2.csv,log4j-1.0.csv,10,15,20,14,6,12,13,18,11,5,7,4
log4j-1.2.csv,log4j-1.1.csv,6,10,20,15,14,12,18,1,5,11,7
log4j-1.2.csv,lucene-2.0.csv,14,20,15,10,6,13,18,11,5,7,4
log4j-1.2.csv,lucene-2.2.csv,14,20,15,10,6,13,18,11,1,5,4
log4j-1.2.csv,lucene-2.4.csv,6,15,14,10,20,12,18,11,5,7,4
log4j-1.2.csv,poi-1.5.csv,15,12,6,9,20,10,14,13,18,5,11,1
log4j-1.2.csv,poi-2.0.csv,10,15,6,20,14,12,13,18,11,5,9,4
log4j-1.2.csv,poi-2.5.csv,10,15,6,14,20,12,13,18,11,5,9,4
log4j-1.2.csv,poi-3.0.csv,10,15,6,20,14,12,13,18,11,5,7,9
log4j-1.2.csv,redaktor.csv,20,15,10,14,12,6,9,3,18,11,1,5,4
log4j-1.2.csv,synapse-1.0.csv,14,20,15,10,6,13,18,11,5,9,4
log4j-1.2.csv,synapse-1.1.csv,10,20,14,15,12,6,3,18,11,5,1,7
log4j-1.2.csv,synapse-1.2.csv,6,20,10,15,14,12,18,5,11,19,7
log4j-1.2.csv,tomcat.csv,10,20,15,14,6,13,17,18,11,9,5,1
log4j-1.2.csv,velocity-1.4.csv,14,10,20,15,12,6,9,3,18,11,5,4,1
log4j-1.2.csv,velocity-1.6.csv,20,14,10,15,12,6,9,3,18,11,5,1,4
log4j-1.2.csv,xalan-2.4.csv,15,14,10,20,17,6,9,11,18,5,1,19
log4j-1.2.csv,xalan-2.5.csv,14,10,20,15,12,6,9,11,18,5,8,1
log4j-1.2.csv,xalan-2.6.csv,15,14,20,10,17,6,9,11,18,5,19,7
log4j-1.2.csv,xalan-2.7.csv,14,15,10,20,12,6,9,11,18,5,1,4
log4j-1.2.csv,xerces-1.2.csv,14,15,20,10,6,13,17,18,5,11,9,7
log4j-1.2.csv,xerces-1.3.csv,15,20,14,10,6,17,13,18,11,5,1,4
log4j-1.2.csv,xerces-1.4.csv,14,20,15,10,6,17,13,18,11,5,9,1
lucene-2.0.csv,ant-1.3.csv,10,20,15,14,12,6,3,18,11,8,4,5
lucene-2.0.csv,ant-1.4.csv,15,20,10,14,12,6,3,18,11,8,5,7
lucene-2.0.csv,ant-1.5.csv,10,15,14,20,12,6,3,18,11,5,19,4
lucene-2.0.csv,ant-1.6.csv,15,20,10,14,12,6,3,18,11,5,4,1
lucene-2.0.csv,ant-1.7.csv,6,14,20,15,10,12,18,5,11,4,19
lucene-2.0.csv,camel-1.0.csv,15,10,20,14,12,6,9,3,18,11,5,1,7
lucene-2.0.csv,camel-1.2.csv,15,10,14,20,12,6,9,3,18,11,5,7,8
lucene-2.0.csv,camel-1.4.csv,15,10,14,20,12,6,9,3,18,11,4,7,5
lucene-2.0.csv,camel-1.6.csv,15,14,10,20,12,6,9,3,18,11,1,5
lucene-2.0.csv,ckjm.csv,20,10,15,14,12,6,3,18,11,19,1,4
lucene-2.0.csv,ivy-1.1.csv,15,10,20,14,12,6,3,18,11,5,9,4
lucene-2.0.csv,ivy-1.4.csv,6,10,14,20,15,12,18,5,11,9,4
lucene-2.0.csv,ivy-2.0.csv,6,14,10,15,20,12,18,11,1,4,7
lucene-2.0.csv,jedit-3.2.csv,6,20,15,10,14,12,18,11,5,7,4
lucene-2.0.csv,jedit-4.0.csv,6,20,10,15,12,14,18,11,5,4,1
lucene-2.0.csv,jedit-4.1.csv,6,15,14,20,12,10,18,11,1,9,5
lucene-2.0.csv,jedit-4.2.csv,6,14,10,20,15,12,18,11,5,7,1
lucene-2.0.csv,jedit-4.3.csv,6,15,20,10,14,13,18,11,5,8,4
lucene-2.0.csv,log4j-1.0.csv,10,15,20,14,12,6,3,18,11,9,4,7
lucene-2.0.csv,log4j-1.1.csv,20,10,15,14,12,6,3,18,11,4,5,8
lucene-2.0.csv,log4j-1.2.csv,14,20,15,10,6,13,18,11,5,7,4
lucene-2.0.csv,lucene-2.2.csv,14,10,15,20,12,6,3,18,11,5,4,7
lucene-2.0.csv,lucene-2.4.csv,6,15,14,20,10,12,18,11,1,5,4
lucene-2.0.csv,poi-1.5.csv,10,15,6,14,20,13,18,11,5,7,9
lucene-2.0.csv,poi-2.0.csv,15,10,6,20,14,17,18,5,11,9,1
lucene-2.0.csv,poi-2.5.csv,10,15,6,20,14,17,18,11,5,1,4
lucene-2.0.csv,poi-3.0.csv,10,15,6,20,14,13,18,11,5,7,1
lucene-2.0.csv,redaktor.csv,15,20,10,14,12,6,18,11,5,8,1
lucene-2.0.csv,synapse-1.0.csv,20,10,15,14,12,6,3,18,5,11,4,1
lucene-2.0.csv,synapse-1.1.csv,6,15,20,14,10,12,18,11,7,4,5
lucene-2.0.csv,synapse-1.2.csv,6,15,10,14,20,12,18,11,5,4,1
lucene-2.0.csv,tomcat.csv,15,20,14,10,6,13,17,18,11,5,4,1
lucene-2.0.csv,velocity-1.4.csv,6,9,14,20,15,10,12,18,11,5,1,4
lucene-2.0.csv,velocity-1.6.csv,6,9,10,15,14,20,12,18,4,5,11,1
lucene-2.0.csv,xalan-2.4.csv,15,10,20,14,12,6,9,11,18,5,4,19
lucene-2.0.csv,xalan-2.5.csv,15,10,14,20,17,6,9,11,18,5,4,7
lucene-2.0.csv,xalan-2.6.csv,15,20,14,10,12,6,9,11,18,5,7,4
lucene-2.0.csv,xalan-2.7.csv,15,10,20,14,17,6,9,11,18,5,1,7
lucene-2.0.csv,xerces-1.2.csv,15,14,10,6,20,13,18,11,5,7,1
lucene-2.0.csv,xerces-1.3.csv,10,15,14,6,20,17,18,11,5,1,19
lucene-2.0.csv,xerces-1.4.csv,15,10,20,14,17,6,18,11,5,19,8
lucene-2.2.csv,ant-1.3.csv,15,10,20,14,12,6,3,18,5,11,7,4
lucene-2.2.csv,ant-1.4.csv,20,10,15,14,12,6,3,18,11,5,9,4
lucene-2.2.csv,ant-1.5.csv,15,20,10,14,17,6,3,18,11,5,7,4
lucene-2.2.csv,ant-1.6.csv,15,14,20,10,12,6,3,18,11,1,5,4
lucene-2.2.csv,ant-1.7.csv,6,20,10,14,15,12,18,5,11,1,4
lucene-2.2.csv,camel-1.0.csv,10,15,14,20,12,6,9,3,18,11,5,1,7
lucene-2.2.csv,camel-1.2.csv,15,10,14,20,12,6,9,3,18,11,7,4,5
lucene-2.2.csv,camel-1.4.csv,20,15,10,14,12,6,9,3,18,11,5,4,7
lucene-2.2.csv,camel-1.6.csv,10,14,15,20,12,6,9,3,18,11,5,8
lucene-2.2.csv,ckjm.csv,10,15,20,14,12,6,3,18,4,8,11,1
lucene-2.2.csv,ivy-1.1.csv,6,15,10,14,20,13,18,1,5,11,4
lucene-2.2.csv,ivy-1.4.csv,6,20,15,10,14,12,18,11,1,5,9
lucene-2.2.csv,ivy-2.0.csv,6,20,15,10,14,12,18,11,5,9,4
lucene-2.2.csv,jedit-3.2.csv,6,20,10,15,14,12,18,11,5,1,9
lucene-2.2.csv,jedit-4.0.csv,6,10,20,14,15,12,18,11,5,8,4
lucene-2.2.csv,jedit-4.1.csv,6,14,20,15,10,12,18,11,5,7,4
lucene-2.2.csv,jedit-4.2.csv,6,20,15,14,10,12,18,11,4,8,5
lucene-2.2.csv,jedit-4.3.csv,6,15,14,10,20,12,18,11,5,4,19
lucene-2.2.csv,log4j-1.0.csv,20,14,10,13,15,6,3,18,5,4,11,9
lucene-2.2.csv,log4j-1.1.csv,10,15,20,14,12,6,3,18,11,1,5,19
lucene-2.2.csv,log4j-1.2.csv,14,20,15,10,6,13,18,11,1,5,4
lucene-2.2.csv,lucene-2.0.csv,14,10,15,20,12,6,3,18,11,5,4,7
lucene-2.2.csv,lucene-2.4.csv,6,20,10,15,14,12,18,11,4,5,8
lucene-2.2.csv,poi-1.5.csv,10,15,14,6,20,13,17,18,11,5,1,9
lucene-2.2.csv,poi-2.0.csv,15,10,6,20,14,17,18,11,5,1,9
lucene-2.2.csv,poi-2.5.csv,15,10,6,20,14,13,18,11,5,4,9
lucene-2.2.csv,poi-3.0.csv,15,10,6,20,14,17,18,11,4,5,1
lucene-2.2.csv,redaktor.csv,15,20,14,10,12,6,18,11,5,9,1
lucene-2.2.csv,synapse-1.0.csv,20,15,10,14,12,6,3,18,11,8,5,19
lucene-2.2.csv,synapse-1.1.csv,6,15,14,20,10,12,18,11,19,5,4
lucene-2.2.csv,synapse-1.2.csv,6,20,15,14,10,12,18,11,5,4,8
lucene-2.2.csv,tomcat.csv,20,10,15,14,6,17,13,18,11,5,4,9
lucene-2.2.csv,velocity-1.4.csv,6,20,15,10,14,12,18,11,5,9,4
lucene-2.2.csv,velocity-1.6.csv,6,9,10,15,14,20,12,18,11,5,4,1
lucene-2.2.csv,xalan-2.4.csv,10,14,15,20,12,6,9,11,18,5,1,7
lucene-2.2.csv,xalan-2.5.csv,14,15,10,20,12,6,9,11,18,5,4,7
lucene-2.2.csv,xalan-2.6.csv,10,15,20,14,17,6,9,11,18,5,4,1
lucene-2.2.csv,xalan-2.7.csv,15,10,20,14,12,6,9,11,18,4,1,5
lucene-2.2.csv,xerces-1.2.csv,10,15,14,6,20,17,18,11,5,8,1
lucene-2.2.csv,xerces-1.3.csv,10,15,20,14,6,17,13,18,11,5,19,7
lucene-2.2.csv,xerces-1.4.csv,14,15,10,20,6,13,17,18,11,1,5,9
lucene-2.4.csv,ant-1.3.csv,6,15,14,10,20,17,18,5,11,4,1
lucene-2.4.csv,ant-1.4.csv,6,15,14,10,20,12,18,11,5,7,4
lucene-2.4.csv,ant-1.5.csv,10,15,20,14,12,6,3,18,11,5,4,1
lucene-2.4.csv,ant-1.6.csv,10,15,14,20,12,6,3,18,11,5,7,1
lucene-2.4.csv,ant-1.7.csv,6,20,15,14,10,12,18,11,5,1,9
lucene-2.4.csv,camel-1.0.csv,15,10,20,14,12,6,3,18,11,5,4,7
lucene-2.4.csv,camel-1.2.csv,20,10,15,14,12,6,9,3,18,11,5,1,8
lucene-2.4.csv,camel-1.4.csv,10,15,14,20,12,6,9,3,18,11,5,8,1
lucene-2.4.csv,camel-1.6.csv,6,9,20,10,15,14,12,18,11,5,4,8
lucene-2.4.csv,ckjm.csv,6,10,20,2,14,16,18,4,19,7,8
lucene-2.4.csv,ivy-1.1.csv,6,14,10,20,15,12,18,11,4,8,1
lucene-2.4.csv,ivy-1.4.csv,6,14,15,20,10,12,18,11,1,9,5
lucene-2.4.csv,ivy-2.0.csv,6,15,14,10,20,12,18,11,5,4,7
lucene-2.4.csv,jedit-3.2.csv,6,20,10,15,14,12,18,11,7,5,8
lucene-2.4.csv,jedit-4.0.csv,6,14,15,20,10,12,18,11,4,5,8
lucene-2.4.csv,jedit-4.1.csv,6,10,15,20,14,12,18,11,5,9,19
lucene-2.4.csv,jedit-4.2.csv,6,10,20,15,14,12,18,5,11,1,4
lucene-2.4.csv,jedit-4.3.csv,6,20,10,14,15,12,18,11,5,4,1
lucene-2.4.csv,log4j-1.0.csv,6,15,10,20,14,12,18,11,5,4,8
lucene-2.4.csv,log4j-1.1.csv,6,20,15,10,14,12,18,5,11,4,7
lucene-2.4.csv,log4j-1.2.csv,6,15,14,10,20,12,18,11,5,7,4
lucene-2.4.csv,lucene-2.0.csv,6,15,14,20,10,12,18,11,1,5,4
lucene-2.4.csv,lucene-2.2.csv,6,20,10,15,14,12,18,11,4,5,8
lucene-2.4.csv,poi-1.5.csv,15,10,14,6,20,13,17,18,11,4,5,1
lucene-2.4.csv,poi-2.0.csv,10,15,14,6,20,13,17,18,11,5,1,4
lucene-2.4.csv,poi-2.5.csv,14,15,10,6,20,13,17,18,11,5,1,4
lucene-2.4.csv,poi-3.0.csv,10,15,14,6,20,13,17,18,11,5,1,9
lucene-2.4.csv,redaktor.csv,20,15,10,14,12,6,18,5,11,4,7
lucene-2.4.csv,synapse-1.0.csv,6,20,15,10,14,12,18,11,5,7,4
lucene-2.4.csv,synapse-1.1.csv,6,15,20,14,10,12,18,5,11,9,1
lucene-2.4.csv,synapse-1.2.csv,6,15,20,10,14,12,18,11,5,1,4
lucene-2.4.csv,tomcat.csv,15,10,20,14,6,13,17,18,11,5,1,4
lucene-2.4.csv,velocity-1.4.csv,6,15,10,14,20,12,18,11,5,4,1
lucene-2.4.csv,velocity-1.6.csv,6,15,20,14,10,12,18,11,5,4,7
lucene-2.4.csv,xalan-2.4.csv,10,15,14,20,12,6,9,11,18,5,1,7
lucene-2.4.csv,xalan-2.5.csv,15,20,10,14,12,6,9,11,18,5,1,4
lucene-2.4.csv,xalan-2.6.csv,10,15,14,20,12,6,9,11,18,5,4,7
lucene-2.4.csv,xalan-2.7.csv,10,15,20,14,12,6,9,11,18,5,4,1
lucene-2.4.csv,xerces-1.2.csv,15,10,20,14,6,17,13,18,11,4,5,7
lucene-2.4.csv,xerces-1.3.csv,15,20,10,14,6,17,13,18,11,4,5,7
lucene-2.4.csv,xerces-1.4.csv,14,15,10,20,6,17,13,18,11,5,19,4
poi-1.5.csv,ant-1.3.csv,6,1,10,14,15,20,12,18,11,5,8
poi-1.5.csv,ant-1.4.csv,6,1,15,10,20,14,12,11,5,18,4
poi-1.5.csv,ant-1.5.csv,14,15,6,9,20,10,17,18,11,5,4
poi-1.5.csv,ant-1.6.csv,15,14,6,1,10,20,17,18,11,5,19
poi-1.5.csv,ant-1.7.csv,6,1,15,14,20,10,12,18,11,5,4
poi-1.5.csv,camel-1.0.csv,10,20,15,12,14,6,11,18,5,4,1
poi-1.5.csv,camel-1.2.csv,6,9,10,15,20,14,12,18,11,5,4
poi-1.5.csv,camel-1.4.csv,6,9,20,10,15,14,12,18,11,5,4
poi-1.5.csv,camel-1.6.csv,6,1,15,10,14,20,12,11,5,18,4
poi-1.5.csv,ckjm.csv,14,19,20,10,15,6,1,11,8,4,5
poi-1.5.csv,ivy-1.1.csv,6,1,15,10,20,12,14,11,18,5,4
poi-1.5.csv,ivy-1.4.csv,15,12,6,1,14,10,20,17,18,11,5,4
poi-1.5.csv,ivy-2.0.csv,15,12,14,6,9,20,10,17,18,11,4,5,7
poi-1.5.csv,jedit-3.2.csv,10,15,14,6,20,13,17,18,11,5,7,1
poi-1.5.csv,jedit-4.0.csv,10,15,14,6,20,17,13,18,11,5,4,9
poi-1.5.csv,jedit-4.1.csv,10,15,14,6,20,17,13,18,11,9,5,1
poi-1.5.csv,jedit-4.2.csv,15,10,14,6,20,13,17,18,11,9,5,8
poi-1.5.csv,jedit-4.3.csv,6,20,10,15,14,12,18,11,5,1,4
poi-1.5.csv,log4j-1.0.csv,6,9,20,10,15,12,14,11,18,5,4
poi-1.5.csv,log4j-1.1.csv,6,1,10,15,20,14,12,18,11,5,8
poi-1.5.csv,log4j-1.2.csv,15,12,6,9,20,10,14,13,18,5,11,1
poi-1.5.csv,lucene-2.0.csv,10,15,6,14,20,13,18,11,5,7,9
poi-1.5.csv,lucene-2.2.csv,10,15,14,6,20,13,17,18,11,5,1,9
poi-1.5.csv,lucene-2.4.csv,15,10,14,6,20,13,17,18,11,4,5,1
poi-1.5.csv,poi-2.0.csv,10,6,20,15,12,14,18,11,5,1,9
poi-1.5.csv,poi-2.5.csv,6,20,10,15,12,14,18,11,5,1,9
poi-1.5.csv,poi-3.0.csv,6,15,10,20,12,14,18,11,5,1,4
poi-1.5.csv,redaktor.csv,15,12,6,1,20,10,14,13,18,11,5,8
poi-1.5.csv,synapse-1.0.csv,10,15,6,20,14,2,11,18,5,1,19
poi-1.5.csv,synapse-1.1.csv,15,12,6,1,20,10,13,18,11,4,5
poi-1.5.csv,synapse-1.2.csv,12,15,6,1,10,20,13,18,11,5,19
poi-1.5.csv,tomcat.csv,15,12,14,6,9,10,20,17,18,11,5,1,4
poi-1.5.csv,velocity-1.4.csv,10,14,15,6,20,13,2,18,11,5,9,7
poi-1.5.csv,velocity-1.6.csv,15,14,12,6,9,20,10,13,18,11,5,4,8
poi-1.5.csv,xalan-2.4.csv,20,14,15,10,6,17,18,11,5,7,1
poi-1.5.csv,xalan-2.5.csv,10,20,15,14,17,6,9,11,18,1,5,4
poi-1.5.csv,xalan-2.6.csv,20,10,14,15,12,6,9,11,18,1,5,8
poi-1.5.csv,xalan-2.7.csv,20,10,15,14,12,6,9,11,18,5,8,4
poi-1.5.csv,xerces-1.2.csv,15,12,14,6,9,10,20,13,18,11,5,4,1
poi-1.5.csv,xerces-1.3.csv,15,14,12,6,9,20,10,17,18,11,5,1,4
poi-1.5.csv,xerces-1.4.csv,15,14,12,6,9,10,20,17,18,5,11,1,7
poi-2.0.csv,ant-1.3.csv,6,15,20,10,14,12,18,11,9,5,1
poi-2.0.csv,ant-1.4.csv,10,15,6,20,14,12,13,18,11,5,4,1
poi-2.0.csv,ant-1.5.csv,10,15,6,20,14,13,18,11,5,4,9
poi-2.0.csv,ant-1.6.csv,10,15,6,14,20,13,18,11,5,4,1
poi-2.0.csv,ant-1.7.csv,10,15,6,14,20,13,18,11,5,9,1
poi-2.0.csv,camel-1.0.csv,15,10,6,20,12,14,2,18,11,5,9,4
poi-2.0.csv,camel-1.2.csv,6,9,15,14,10,20,12,18,11,5,4
poi-2.0.csv,camel-1.4.csv,6,1,14,15,10,20,12,18,11,5,4
poi-2.0.csv,camel-1.6.csv,6,1,14,15,10,20,12,18,11,5,7
poi-2.0.csv,ckjm.csv,10,6,15,14,2,20,18,5,9,11,7
poi-2.0.csv,ivy-1.1.csv,6,14,15,20,10,12,18,11,9,1,5
poi-2.0.csv,ivy-1.4.csv,15,10,6,14,20,17,18,11,5,4,7
poi-2.0.csv,ivy-2.0.csv,10,15,6,20,14,13,18,11,5,1,9
poi-2.0.csv,jedit-3.2.csv,15,14,10,6,20,13,17,18,5,11,1,8
poi-2.0.csv,jedit-4.0.csv,15,10,14,6,20,13,17,18,11,5,1,7
poi-2.0.csv,jedit-4.1.csv,10,15,14,6,20,17,13,18,11,5,1,8
poi-2.0.csv,jedit-4.2.csv,10,14,15,6,20,13,17,18,11,5,1,7
poi-2.0.csv,jedit-4.3.csv,10,15,14,6,20,13,17,18,11,5,4,9
poi-2.0.csv,log4j-1.0.csv,6,15,20,14,10,12,18,11,5,9,4
poi-2.0.csv,log4j-1.1.csv,6,20,15,12,10,14,18,9,1,11,5
poi-2.0.csv,log4j-1.2.csv,10,15,6,20,14,12,13,18,11,5,9,4
poi-2.0.csv,lucene-2.0.csv,15,10,6,20,14,17,18,5,11,9,1
poi-2.0.csv,lucene-2.2.csv,15,10,6,20,14,17,18,11,5,1,9
poi-2.0.csv,lucene-2.4.csv,10,15,14,6,20,13,17,18,11,5,1,4
poi-2.0.csv,poi-1.5.csv,10,6,20,15,12,14,18,11,5,1,9
poi-2.0.csv,poi-2.5.csv,6,15,10,20,14,12,18,11,5,1,9
poi-2.0.csv,poi-3.0.csv,6,15,20,14,10,12,18,11,5,1,9
poi-2.0.csv,redaktor.csv,6,20,10,15,14,12,18,11,1,7,9
poi-2.0.csv,synapse-1.0.csv,15,10,6,20,14,12,13,18,11,1,9,8
poi-2.0.csv,synapse-1.1.csv,10,15,6,20,14,13,18,11,5,1,9
poi-2.0.csv,synapse-1.2.csv,15,10,6,20,14,13,18,11,5,1,4
poi-2.0.csv,tomcat.csv,15,10,14,6,20,13,17,18,11,5,1,9
poi-2.0.csv,velocity-1.4.csv,15,10,14,6,20,2,13,18,11,5,8,1
poi-2.0.csv,velocity-1.6.csv,15,10,14,6,20,13,17,18,11,5,9,1
poi-2.0.csv,xalan-2.4.csv,15,10,14,6,20,17,18,11,5,9,4
poi-2.0.csv,xalan-2.5.csv,10,14,20,15,6,17,13,18,11,4,5,1
poi-2.0.csv,xalan-2.6.csv,10,20,15,14,6,17,18,11,5,1,9
poi-2.0.csv,xalan-2.7.csv,14,15,10,20,6,17,18,11,5,1,8
poi-2.0.csv,xerces-1.2.csv,15,14,12,6,9,20,10,13,18,11,5,1,4
poi-2.0.csv,xerces-1.3.csv,15,14,12,6,9,10,20,13,18,11,1,5,7
poi-2.0.csv,xerces-1.4.csv,15,12,14,6,9,20,10,13,18,11,5,1,7
poi-2.5.csv,ant-1.3.csv,15,10,6,20,14,12,13,18,11,5,9,1
poi-2.5.csv,ant-1.4.csv,15,10,6,20,14,12,17,18,11,9,1,5
poi-2.5.csv,ant-1.5.csv,10,15,6,20,14,17,18,11,5,9,1
poi-2.5.csv,ant-1.6.csv,15,10,6,14,20,17,18,11,4,5,1
poi-2.5.csv,ant-1.7.csv,10,15,6,20,14,17,18,11,5,1,9
poi-2.5.csv,camel-1.0.csv,6,1,10,20,15,12,14,18,11,5,7
poi-2.5.csv,camel-1.2.csv,6,1,10,15,20,14,12,18,11,5,4
poi-2.5.csv,camel-1.4.csv,6,1,14,20,15,10,12,18,11,5,4
poi-2.5.csv,camel-1.6.csv,6,1,20,10,15,14,12,18,11,5,4
poi-2.5.csv,ckjm.csv,6,10,12,20,14,2,18,8,9,11,19
poi-2.5.csv,ivy-1.1.csv,10,15,6,20,14,12,13,18,11,7,5,9
poi-2.5.csv,ivy-1.4.csv,15,10,6,14,20,13,18,11,5,4,9
poi-2.5.csv,ivy-2.0.csv,15,10,6,20,14,13,18,11,5,1,9
poi-2.5.csv,jedit-3.2.csv,10,14,15,6,20,13,17,18,11,5,1,4
poi-2.5.csv,jedit-4.0.csv,15,10,14,6,20,17,13,18,11,5,1,7
poi-2.5.csv,jedit-4.1.csv,15,10,14,6,20,13,17,18,11,5,8,4
poi-2.5.csv,jedit-4.2.csv,10,15,14,6,20,17,13,18,11,5,1,9
poi-2.5.csv,jedit-4.3.csv,10,15,14,6,20,13,17,18,11,5,1,7
poi-2.5.csv,log4j-1.0.csv,15,10,6,20,14,12,17,18,9,11,1,5
poi-2.5.csv,log4j-1.1.csv,15,10,6,20,14,12,17,18,1,11,4,9
poi-2.5.csv,log4j-1.2.csv,10,15,6,14,20,12,13,18,11,5,9,4
poi-2.5.csv,lucene-2.0.csv,10,15,6,20,14,17,18,11,5,1,4
poi-2.5.csv,lucene-2.2.csv,15,10,6,20,14,13,18,11,5,4,9
poi-2.5.csv,lucene-2.4.csv,14,15,10,6,20,13,17,18,11,5,1,4
poi-2.5.csv,poi-1.5.csv,6,20,10,15,12,14,18,11,5,1,9
poi-2.5.csv,poi-2.0.csv,6,15,10,20,14,12,18,11,5,1,9
poi-2.5.csv,poi-3.0.csv,10,15,6,20,14,12,13,18,11,5,9,1
poi-2.5.csv,redaktor.csv,10,15,6,20,14,12,17,18,11,5,4,1
poi-2.5.csv,synapse-1.0.csv,10,15,6,20,12,14,13,18,11,5,4,9
poi-2.5.csv,synapse-1.1.csv,15,10,6,20,14,17,18,11,1,5,9
poi-2.5.csv,synapse-1.2.csv,15,10,6,20,14,13,18,11,1,5,9
poi-2.5.csv,tomcat.csv,10,15,14,6,20,17,13,18,11,5,1,4
poi-2.5.csv,velocity-1.4.csv,15,10,14,6,20,17,13,18,11,4,1,5
poi-2.5.csv,velocity-1.6.csv,15,10,14,6,20,13,2,18,11,5,4,1
poi-2.5.csv,xalan-2.4.csv,10,15,14,6,20,17,13,18,11,5,4,9
poi-2.5.csv,xalan-2.5.csv,10,14,20,15,6,17,13,18,11,5,1,4
poi-2.5.csv,xalan-2.6.csv,20,14,15,10,6,17,13,18,11,5,1,4
poi-2.5.csv,xalan-2.7.csv,15,14,20,10,6,13,17,18,11,5,1,4
poi-2.5.csv,xerces-1.2.csv,15,14,12,6,9,10,20,17,18,11,5,19,1
poi-2.5.csv,xerces-1.3.csv,15,14,12,6,9,10,20,17,18,11,5,4,1
poi-2.5.csv,xerces-1.4.csv,15,14,12,6,9,10,20,13,18,11,5,1,4
poi-3.0.csv,ant-1.3.csv,10,15,6,14,20,12,13,18,11,5,9,4
poi-3.0.csv,ant-1.4.csv,15,10,6,14,20,12,17,18,11,9,5,4
poi-3.0.csv,ant-1.5.csv,10,15,6,20,14,17,18,11,5,1,7
poi-3.0.csv,ant-1.6.csv,15,10,6,14,20,13,18,11,5,1,9
poi-3.0.csv,ant-1.7.csv,6,20,15,10,14,12,18,11,5,1,9
poi-3.0.csv,camel-1.0.csv,10,15,6,14,20,17,18,11,5,4,9
poi-3.0.csv,camel-1.2.csv,6,1,10,20,15,14,12,18,11,5,4
poi-3.0.csv,camel-1.4.csv,6,1,10,15,20,14,12,18,11,5,4
poi-3.0.csv,camel-1.6.csv,6,1,14,10,15,20,12,18,11,5,4
poi-3.0.csv,ckjm.csv,10,15,6,2,20,12,14,18,4,5,8,11
poi-3.0.csv,ivy-1.1.csv,15,10,6,20,14,2,18,11,5,9,1
poi-3.0.csv,ivy-1.4.csv,15,10,6,20,14,13,18,11,1,9,5
poi-3.0.csv,ivy-2.0.csv,10,15,6,20,14,17,18,11,5,7,4
poi-3.0.csv,jedit-3.2.csv,14,15,10,6,20,13,2,18,11,5,9,4
poi-3.0.csv,jedit-4.0.csv,15,10,14,6,20,17,13,18,11,5,1,19
poi-3.0.csv,jedit-4.1.csv,14,10,15,6,20,17,13,18,11,5,4,1
poi-3.0.csv,jedit-4.2.csv,15,10,14,6,20,13,17,18,11,5,9,1
poi-3.0.csv,jedit-4.3.csv,10,15,14,6,20,13,2,18,11,5,4,7
poi-3.0.csv,log4j-1.0.csv,15,10,6,20,14,12,17,18,11,9,5,4
poi-3.0.csv,log4j-1.1.csv,15,10,6,20,14,12,17,18,11,9,5,1
poi-3.0.csv,log4j-1.2.csv,10,15,6,20,14,12,13,18,11,5,7,9
poi-3.0.csv,lucene-2.0.csv,10,15,6,20,14,13,18,11,5,7,1
poi-3.0.csv,lucene-2.2.csv,15,10,6,20,14,17,18,11,4,5,1
poi-3.0.csv,lucene-2.4.csv,10,15,14,6,20,13,17,18,11,5,1,9
poi-3.0.csv,poi-1.5.csv,6,15,10,20,12,14,18,11,5,1,4
poi-3.0.csv,poi-2.0.csv,6,15,20,14,10,12,18,11,5,1,9
poi-3.0.csv,poi-2.5.csv,10,15,6,20,14,12,13,18,11,5,9,1
poi-3.0.csv,redaktor.csv,10,15,6,20,14,17,18,11,1,7,5
poi-3.0.csv,synapse-1.0.csv,10,15,6,20,14,13,18,11,5,1,4
poi-3.0.csv,synapse-1.1.csv,10,15,6,20,14,17,18,11,5,1,19
poi-3.0.csv,synapse-1.2.csv,10,15,6,14,20,13,18,11,7,5,4
poi-3.0.csv,tomcat.csv,15,10,14,6,20,13,17,18,11,5,4,1
poi-3.0.csv,velocity-1.4.csv,14,15,12,6,20,17,13,18,11,9,5,8
poi-3.0.csv,velocity-1.6.csv,10,15,12,6,20,13,2,18,11,5,7,1
poi-3.0.csv,xalan-2.4.csv,15,10,14,6,20,17,13,18,11,5,1,4
poi-3.0.csv,xalan-2.5.csv,14,10,15,6,20,17,18,11,5,7,9
poi-3.0.csv,xalan-2.6.csv,10,15,14,20,6,17,2,18,11,1,5,4
poi-3.0.csv,xalan-2.7.csv,15,14,10,20,6,17,13,18,11,1,5,8
poi-3.0.csv,xerces-1.2.csv,15,14,12,6,9,10,20,13,18,11,5,1,4
poi-3.0.csv,xerces-1.3.csv,15,14,12,6,9,20,10,17,18,11,5,1,4
poi-3.0.csv,xerces-1.4.csv,15,14,12,6,9,10,20,17,18,11,5,4,1
redaktor.csv,ant-1.3.csv,6,15,20,10,14,12,18,11,5,7,4
redaktor.csv,ant-1.4.csv,6,14,10,20,15,12,18,11,5,7,4
redaktor.csv,ant-1.5.csv,20,15,10,14,12,6,3,18,11,5,7,19
redaktor.csv,ant-1.6.csv,6,20,15,14,10,12,18,11,4,5,7
redaktor.csv,ant-1.7.csv,6,14,15,20,10,12,18,11,5,4,1
redaktor.csv,camel-1.0.csv,20,14,15,10,12,6,9,3,18,11,5,4,7
redaktor.csv,camel-1.2.csv,15,20,10,12,14,6,9,3,18,11,5,4,1
redaktor.csv,camel-1.4.csv,14,10,20,15,12,6,9,3,18,11,4,5,8
redaktor.csv,camel-1.6.csv,6,9,10,15,20,14,12,18,11,5,1,4
redaktor.csv,ckjm.csv,10,15,20,2,14,6,18,8,11,19,5
redaktor.csv,ivy-1.1.csv,10,20,15,14,12,6,9,18,11,7,5,8
redaktor.csv,ivy-1.4.csv,6,9,20,15,10,14,17,18,11,5,1,7
redaktor.csv,ivy-2.0.csv,15,10,20,14,12,6,9,18,11,1,8,7
redaktor.csv,jedit-3.2.csv,6,15,20,14,10,12,18,11,1,5,4
redaktor.csv,jedit-4.0.csv,6,10,20,15,14,12,18,11,5,4,1
redaktor.csv,jedit-4.1.csv,6,10,15,20,14,12,18,11,5,4,7
redaktor.csv,jedit-4.2.csv,6,10,20,15,14,12,18,11,5,1,4
redaktor.csv,jedit-4.3.csv,6,20,15,14,10,12,18,11,5,4,8
redaktor.csv,log4j-1.0.csv,15,20,12,10,14,6,18,11,8,5,7
redaktor.csv,log4j-1.1.csv,10,15,14,20,12,6,18,11,4,5,9
redaktor.csv,log4j-1.2.csv,20,15,10,14,12,6,9,3,18,11,1,5,4
redaktor.csv,lucene-2.0.csv,15,20,10,14,12,6,18,11,5,8,1
redaktor.csv,lucene-2.2.csv,15,20,14,10,12,6,18,11,5,9,1
redaktor.csv,lucene-2.4.csv,20,15,10,14,12,6,18,5,11,4,7
redaktor.csv,poi-1.5.csv,15,12,6,1,20,10,14,13,18,11,5,8
redaktor.csv,poi-2.0.csv,6,20,10,15,14,12,18,11,1,7,9
redaktor.csv,poi-2.5.csv,10,15,6,20,14,12,17,18,11,5,4,1
redaktor.csv,poi-3.0.csv,10,15,6,20,14,17,18,11,1,7,5
redaktor.csv,synapse-1.0.csv,6,15,20,10,14,12,18,11,5,4,9
redaktor.csv,synapse-1.1.csv,6,20,10,15,14,12,18,11,5,19,7
redaktor.csv,synapse-1.2.csv,6,20,15,14,10,12,18,11,5,7,4
redaktor.csv,tomcat.csv,10,15,20,14,6,17,13,18,11,1,5,4
redaktor.csv,velocity-1.4.csv,6,9,15,10,20,14,12,18,5,11,4,1
redaktor.csv,velocity-1.6.csv,6,9,20,14,15,10,12,18,11,5,4,1
redaktor.csv,xalan-2.4.csv,10,15,14,20,12,6,9,11,18,5,4,1
redaktor.csv,xalan-2.5.csv,15,20,14,17,10,6,1,11,18,5,7,4
redaktor.csv,xalan-2.6.csv,14,15,20,10,17,6,9,11,18,5,1,4
redaktor.csv,xalan-2.7.csv,15,20,10,14,17,6,9,11,18,1,5,4
redaktor.csv,xerces-1.2.csv,15,20,10,14,6,17,13,18,11,5,7,1
redaktor.csv,xerces-1.3.csv,10,20,14,15,6,17,13,18,11,5,4,1
redaktor.csv,xerces-1.4.csv,15,20,14,10,12,6,18,11,9,4,5
synapse-1.0.csv,ant-1.3.csv,15,10,14,20,12,6,9,3,18,5,11,1,19
synapse-1.0.csv,ant-1.4.csv,20,14,15,10,12,6,9,3,18,5,11,1,4
synapse-1.0.csv,ant-1.5.csv,14,15,20,10,12,6,9,3,18,8,11,5,1
synapse-1.0.csv,ant-1.6.csv,20,14,10,15,12,6,9,3,18,11,5,1,19
synapse-1.0.csv,ant-1.7.csv,6,20,15,10,14,12,18,11,5,1,7
synapse-1.0.csv,camel-1.0.csv,20,10,15,14,12,6,9,3,18,11,5,4,8
synapse-1.0.csv,camel-1.2.csv,20,15,10,12,14,6,9,3,18,11,5,1,8
synapse-1.0.csv,camel-1.4.csv,20,14,10,15,12,6,9,3,18,11,5,1,8
synapse-1.0.csv,camel-1.6.csv,15,10,14,20,12,6,9,3,11,5,18,8
synapse-1.0.csv,ckjm.csv,6,20,10,14,15,12,18,8,7,5,9
synapse-1.0.csv,ivy-1.1.csv,6,20,15,10,14,12,18,11,5,7,9
synapse-1.0.csv,ivy-1.4.csv,6,10,14,15,20,12,18,11,5,8,1
synapse-1.0.csv,ivy-2.0.csv,6,20,14,15,10,12,18,11,5,19,7
synapse-1.0.csv,jedit-3.2.csv,6,20,10,14,15,12,18,11,5,1,4
synapse-1.0.csv,jedit-4.0.csv,6,15,20,14,10,17,18,11,5,9,4
synapse-1.0.csv,jedit-4.1.csv,6,15,20,10,14,12,18,5,11,1,4
synapse-1.0.csv,jedit-4.2.csv,6,20,15,14,10,12,18,11,5,1,19
synapse-1.0.csv,jedit-4.3.csv,6,20,15,10,14,12,18,11,5,7,4
synapse-1.0.csv,log4j-1.0.csv,10,15,20,14,12,6,9,3,18,11,5,4,19
synapse-1.0.csv,log4j-1.1.csv,6,14,15,20,10,12,18,11,5,1,9
synapse-1.0.csv,log4j-1.2.csv,14,20,15,10,6,13,18,11,5,9,4
synapse-1.0.csv,lucene-2.0.csv,20,10,15,14,12,6,3,18,5,11,4,1
synapse-1.0.csv,lucene-2.2.csv,20,15,10,14,12,6,3,18,11,8,5,19
synapse-1.0.csv,lucene-2.4.csv,6,20,15,10,14,12,18,11,5,7,4
synapse-1.0.csv,poi-1.5.csv,10,15,6,20,14,2,11,18,5,1,19
synapse-1.0.csv,poi-2.0.csv,15,10,6,20,14,12,13,18,11,1,9,8
synapse-1.0.csv,poi-2.5.csv,10,15,6,20,12,14,13,18,11,5,4,9
synapse-1.0.csv,poi-3.0.csv,10,15,6,20,14,13,18,11,5,1,4
synapse-1.0.csv,redaktor.csv,6,15,20,10,14,12,18,11,5,4,9
synapse-1.0.csv,synapse-1.1.csv,10,14,15,12,6,20,18,11,19,5,4
synapse-1.0.csv,synapse-1.2.csv,10,15,14,12,6,20,18,11,5,19,1
synapse-1.0.csv,tomcat.csv,10,20,14,15,6,13,17,18,11,5,4,1
synapse-1.0.csv,velocity-1.4.csv,6,9,15,20,10,14,12,18,11,5,1,4
synapse-1.0.csv,velocity-1.6.csv,6,9,20,15,10,14,12,18,11,5,4,8
synapse-1.0.csv,xalan-2.4.csv,15,20,10,14,12,6,9,11,18,5,4,19
synapse-1.0.csv,xalan-2.5.csv,20,10,14,15,12,6,1,11,18,5,4,7
synapse-1.0.csv,xalan-2.6.csv,20,10,15,14,17,6,9,11,18,19,5,1
synapse-1.0.csv,xalan-2.7.csv,15,14,20,10,17,6,9,11,18,5,1,7
synapse-1.0.csv,xerces-1.2.csv,15,10,14,6,20,13,18,5,11,9,1
synapse-1.0.csv,xerces-1.3.csv,15,10,14,6,20,17,18,11,5,1,4
synapse-1.0.csv,xerces-1.4.csv,15,20,10,12,14,6,18,11,5,4,1
synapse-1.1.csv,ant-1.3.csv,20,10,14,15,12,6,9,3,18,5,11,7,4
synapse-1.1.csv,ant-1.4.csv,20,10,15,14,12,6,9,3,18,11,1,4,8
synapse-1.1.csv,ant-1.5.csv,15,20,10,14,12,6,9,3,18,11,5,1,4
synapse-1.1.csv,ant-1.6.csv,20,10,12,14,15,6,9,3,18,11,5,4,8
synapse-1.1.csv,ant-1.7.csv,6,9,10,15,14,20,12,18,11,5,8,1
synapse-1.1.csv,camel-1.0.csv,20,10,15,14,12,6,9,3,18,11,5,4,8
synapse-1.1.csv,camel-1.2.csv,10,15,20,14,12,6,9,3,18,11,5,1,4
synapse-1.1.csv,camel-1.4.csv,20,15,14,10,12,6,9,3,18,11,19,1,4
synapse-1.1.csv,camel-1.6.csv,20,14,10,15,12,6,9,3,18,11,5,8,4
synapse-1.1.csv,ckjm.csv,10,13,12,15,6,20,18,4,9,8,1
synapse-1.1.csv,ivy-1.1.csv,6,15,14,10,20,12,18,4,11,5,7
synapse-1.1.csv,ivy-1.4.csv,6,9,20,10,15,14,12,18,5,11,4,1
synapse-1.1.csv,ivy-2.0.csv,6,15,20,10,14,12,18,11,5,7,4
synapse-1.1.csv,jedit-3.2.csv,6,10,20,15,14,12,18,11,5,19,9
synapse-1.1.csv,jedit-4.0.csv,6,14,20,15,10,12,18,11,5,1,4
synapse-1.1.csv,jedit-4.1.csv,6,20,15,10,14,12,18,11,5,4,8
synapse-1.1.csv,jedit-4.2.csv,6,20,10,14,12,15,18,5,11,8,7
synapse-1.1.csv,jedit-4.3.csv,6,9,10,15,20,14,12,18,11,5,7,19
synapse-1.1.csv,log4j-1.0.csv,6,20,15,10,14,12,18,11,5,4,7
synapse-1.1.csv,log4j-1.1.csv,6,10,20,15,14,12,18,11,5,1,7
synapse-1.1.csv,log4j-1.2.csv,10,20,14,15,12,6,3,18,11,5,1,7
synapse-1.1.csv,lucene-2.0.csv,6,15,20,14,10,12,18,11,7,4,5
synapse-1.1.csv,lucene-2.2.csv,6,15,14,20,10,12,18,11,19,5,4
synapse-1.1.csv,lucene-2.4.csv,6,15,20,14,10,12,18,5,11,9,1
synapse-1.1.csv,poi-1.5.csv,15,12,6,1,20,10,13,18,11,4,5
synapse-1.1.csv,poi-2.0.csv,10,15,6,20,14,13,18,11,5,1,9
synapse-1.1.csv,poi-2.5.csv,15,10,6,20,14,17,18,11,1,5,9
synapse-1.1.csv,poi-3.0.csv,10,15,6,20,14,17,18,11,5,1,19
synapse-1.1.csv,redaktor.csv,6,20,10,15,14,12,18,11,5,19,7
synapse-1.1.csv,synapse-1.0.csv,10,14,15,12,6,20,18,11,19,5,4
synapse-1.1.csv,synapse-1.2.csv,10,15,14,12,6,20,2,18,11,5,4,1
synapse-1.1.csv,tomcat.csv,6,20,10,15,14,12,18,11,5,9,19
synapse-1.1.csv,velocity-1.4.csv,20,15,10,14,12,6,9,3,18,11,8,5,7
synapse-1.1.csv,velocity-1.6.csv,6,9,15,10,20,14,12,18,11,5,4,7
synapse-1.1.csv,xalan-2.4.csv,20,10,14,15,12,6,9,11,18,5,4,8
synapse-1.1.csv,xalan-2.5.csv,10,14,20,15,12,6,1,11,18,5,4,7
synapse-1.1.csv,xalan-2.6.csv,20,15,10,14,12,6,9,11,18,5,1,7
synapse-1.1.csv,xalan-2.7.csv,15,10,20,14,12,6,9,11,18,5,4,1
synapse-1.1.csv,xerces-1.2.csv,15,14,10,6,20,13,18,5,11,4,1
synapse-1.1.csv,xerces-1.3.csv,15,10,14,6,20,13,18,11,4,5,1
synapse-1.1.csv,xerces-1.4.csv,15,20,10,14,12,6,18,11,5,1,9
synapse-1.2.csv,ant-1.3.csv,15,14,20,10,12,6,9,3,18,11,5,4,7
synapse-1.2.csv,ant-1.4.csv,10,15,14,20,17,6,9,3,18,11,19,5,1
synapse-1.2.csv,ant-1.5.csv,20,14,15,10,12,6,9,3,18,11,5,1,7
synapse-1.2.csv,ant-1.6.csv,20,14,10,15,12,6,9,3,18,11,5,4,1
synapse-1.2.csv,ant-1.7.csv,6,9,15,20,10,14,12,18,11,5,1,8
synapse-1.2.csv,camel-1.0.csv,20,15,10,14,12,6,9,3,18,11,19,5,4
synapse-1.2.csv,camel-1.2.csv,20,14,15,10,12,6,9,3,18,11,5,1,8
synapse-1.2.csv,camel-1.4.csv,20,14,10,15,12,6,9,3,18,11,5,1,4
synapse-1.2.csv,camel-1.6.csv,15,14,10,20,12,6,9,3,18,11,5,1,19
synapse-1.2.csv,ckjm.csv,15,10,14,13,6,20,2,18,9,7,8,19
synapse-1.2.csv,ivy-1.1.csv,6,20,15,10,14,12,18,11,5,19,4
synapse-1.2.csv,ivy-1.4.csv,6,20,15,10,14,12,18,11,5,4,9
synapse-1.2.csv,ivy-2.0.csv,6,15,20,10,14,12,18,4,5,11,7
synapse-1.2.csv,jedit-3.2.csv,6,20,15,14,10,12,18,11,4,5,9
synapse-1.2.csv,jedit-4.0.csv,6,20,10,15,12,14,18,11,5,4,19
synapse-1.2.csv,jedit-4.1.csv,6,15,10,20,14,12,18,11,1,5,7
synapse-1.2.csv,jedit-4.2.csv,6,20,10,12,15,14,18,11,5,4,9
synapse-1.2.csv,jedit-4.3.csv,6,15,20,10,14,12,18,11,4,9,5
synapse-1.2.csv,log4j-1.0.csv,6,10,15,20,12,14,18,5,11,8,19
synapse-1.2.csv,log4j-1.1.csv,6,15,20,10,12,14,18,11,5,1,4
synapse-1.2.csv,log4j-1.2.csv,6,20,10,15,14,12,18,5,11,19,7
synapse-1.2.csv,lucene-2.0.csv,6,15,10,14,20,12,18,11,5,4,1
synapse-1.2.csv,lucene-2.2.csv,6,20,15,14,10,12,18,11,5,4,8
synapse-1.2.csv,lucene-2.4.csv,6,15,20,10,14,12,18,11,5,1,4
synapse-1.2.csv,poi-1.5.csv,12,15,6,1,10,20,13,18,11,5,19
synapse-1.2.csv,poi-2.0.csv,15,10,6,20,14,13,18,11,5,1,4
synapse-1.2.csv,poi-2.5.csv,15,10,6,20,14,13,18,11,1,5,9
synapse-1.2.csv,poi-3.0.csv,10,15,6,14,20,13,18,11,7,5,4
synapse-1.2.csv,redaktor.csv,6,20,15,14,10,12,18,11,5,7,4
synapse-1.2.csv,synapse-1.0.csv,10,15,14,12,6,20,18,11,5,19,1
synapse-1.2.csv,synapse-1.1.csv,10,15,14,12,6,20,2,18,11,5,4,1
synapse-1.2.csv,tomcat.csv,6,10,20,15,14,12,18,11,5,4,1
synapse-1.2.csv,velocity-1.4.csv,6,9,10,20,15,14,12,18,11,5,4,19
synapse-1.2.csv,velocity-1.6.csv,6,9,15,10,20,14,12,18,11,5,4,1
synapse-1.2.csv,xalan-2.4.csv,14,15,20,10,12,6,9,11,18,5,7,1
synapse-1.2.csv,xalan-2.5.csv,10,15,20,14,12,6,1,11,18,5,4,19
synapse-1.2.csv,xalan-2.6.csv,10,14,20,15,12,6,9,11,18,5,1,8
synapse-1.2.csv,xalan-2.7.csv,20,15,10,14,12,6,9,11,18,5,4,8
synapse-1.2.csv,xerces-1.2.csv,15,10,14,6,20,13,18,11,5,1,4
synapse-1.2.csv,xerces-1.3.csv,15,10,14,6,20,17,18,11,5,1,7
synapse-1.2.csv,xerces-1.4.csv,20,15,10,14,12,6,18,11,8,5,4
tomcat.csv,ant-1.3.csv,6,9,14,20,15,10,13,12,18,11,19,5
tomcat.csv,ant-1.4.csv,15,10,14,6,20,13,18,11,5,9,1
tomcat.csv,ant-1.5.csv,6,9,10,14,20,15,12,18,11,5,1,7
tomcat.csv,ant-1.6.csv,6,9,14,15,10,20,12,18,11,5,1,4
tomcat.csv,ant-1.7.csv,6,9,15,20,10,14,12,18,11,5,4,1
tomcat.csv,camel-1.0.csv,6,15,14,10,20,12,18,11,5,9,4
tomcat.csv,camel-1.2.csv,6,15,14,20,10,12,18,11,5,9,4
tomcat.csv,camel-1.4.csv,6,9,15,20,14,10,12,18,11,5,4,1
tomcat.csv,camel-1.6.csv,6,10,20,14,15,12,18,11,5,1,9
tomcat.csv,ckjm.csv,6,9,20,15,16,17,12,14,18,19,11,1
tomcat.csv,ivy-1.1.csv,15,14,10,20,6,17,13,18,11,4,5,7
tomcat.csv,ivy-1.4.csv,6,20,14,15,10,12,18,11,5,19,9
tomcat.csv,ivy-2.0.csv,6,20,15,14,10,12,18,11,5,1,9
tomcat.csv,jedit-3.2.csv,20,15,14,10,6,13,17,18,11,5,1,7
tomcat.csv,jedit-4.0.csv,15,10,14,20,6,17,13,18,11,5,1,9
tomcat.csv,jedit-4.1.csv,6,20,14,15,10,12,18,11,5,19,9
tomcat.csv,jedit-4.2.csv,6,15,20,10,14,12,18,5,11,4,1
tomcat.csv,jedit-4.3.csv,6,15,14,10,20,12,18,11,5,1,4
tomcat.csv,log4j-1.0.csv,6,9,20,15,10,14,17,12,18,11,5,7
tomcat.csv,log4j-1.1.csv,6,9,15,20,14,12,10,17,18,11,5,7
tomcat.csv,log4j-1.2.csv,10,20,15,14,6,13,17,18,11,9,5,1
tomcat.csv,lucene-2.0.csv,15,20,14,10,6,13,17,18,11,5,4,1
tomcat.csv,lucene-2.2.csv,20,10,15,14,6,17,13,18,11,5,4,9
tomcat.csv,lucene-2.4.csv,15,10,20,14,6,13,17,18,11,5,1,4
tomcat.csv,poi-1.5.csv,15,12,14,6,9,10,20,17,18,11,5,1,4
tomcat.csv,poi-2.0.csv,15,10,14,6,20,13,17,18,11,5,1,9
tomcat.csv,poi-2.5.csv,10,15,14,6,20,17,13,18,11,5,1,4
tomcat.csv,poi-3.0.csv,15,10,14,6,20,13,17,18,11,5,4,1
tomcat.csv,redaktor.csv,10,15,20,14,6,17,13,18,11,1,5,4
tomcat.csv,synapse-1.0.csv,10,20,14,15,6,13,17,18,11,5,4,1
tomcat.csv,synapse-1.1.csv,6,20,10,15,14,12,18,11,5,9,19
tomcat.csv,synapse-1.2.csv,6,10,20,15,14,12,18,11,5,4,1
tomcat.csv,velocity-1.4.csv,10,14,15,6,20,17,18,11,5,4,1
tomcat.csv,velocity-1.6.csv,6,14,20,10,15,12,18,5,11,1,4
tomcat.csv,xalan-2.4.csv,10,14,15,20,12,6,9,11,18,4,5,7
tomcat.csv,xalan-2.5.csv,14,15,10,20,12,6,9,11,18,5,7,1
tomcat.csv,xalan-2.6.csv,15,20,10,14,12,6,9,11,18,5,1,4
tomcat.csv,xalan-2.7.csv,20,10,15,14,12,6,9,11,18,5,1,7
tomcat.csv,xerces-1.2.csv,20,15,10,14,6,17,13,18,11,5,9,1
tomcat.csv,xerces-1.3.csv,15,14,10,20,6,17,13,18,11,5,9,7
tomcat.csv,xerces-1.4.csv,15,10,20,14,6,13,17,18,11,5,1,4
velocity-1.4.csv,ant-1.3.csv,20,14,15,10,12,6,9,3,18,11,5,19,4
velocity-1.4.csv,ant-1.4.csv,10,20,15,14,17,6,9,3,18,11,1,5,4
velocity-1.4.csv,ant-1.5.csv,14,15,10,20,12,6,9,3,18,11,1,5,4
velocity-1.4.csv,ant-1.6.csv,6,9,15,10,14,20,12,18,11,5,7,8
velocity-1.4.csv,ant-1.7.csv,6,9,15,20,14,10,17,18,11,5,7,8
velocity-1.4.csv,camel-1.0.csv,20,10,15,14,12,6,9,3,18,5,11,4,1
velocity-1.4.csv,camel-1.2.csv,15,14,10,20,12,6,9,3,18,11,5,4,1
velocity-1.4.csv,camel-1.4.csv,10,15,20,14,12,6,9,3,18,11,5,4,1
velocity-1.4.csv,camel-1.6.csv,14,10,15,20,12,6,9,3,18,11,19,4,7
velocity-1.4.csv,ckjm.csv,13,12,14,6,9,10,16,17,18,11,5,7,4
velocity-1.4.csv,ivy-1.1.csv,6,9,20,15,10,12,14,18,11,4,5,1
velocity-1.4.csv,ivy-1.4.csv,6,9,10,15,20,14,12,18,11,5,4,1
velocity-1.4.csv,ivy-2.0.csv,6,9,15,20,14,10,12,18,11,4,5,8
velocity-1.4.csv,jedit-3.2.csv,6,20,15,10,14,12,18,5,11,9,4
velocity-1.4.csv,jedit-4.0.csv,6,15,10,20,14,12,18,11,5,9,7
velocity-1.4.csv,jedit-4.1.csv,6,10,14,20,15,12,18,5,11,4,1
velocity-1.4.csv,jedit-4.2.csv,6,10,20,14,12,15,18,11,5,4,1
velocity-1.4.csv,jedit-4.3.csv,6,10,15,20,14,3,18,11,5,9,7
velocity-1.4.csv,log4j-1.0.csv,15,20,10,12,14,6,9,3,18,11,5,4,1
velocity-1.4.csv,log4j-1.1.csv,6,9,10,20,14,15,12,18,11,5,4,1
velocity-1.4.csv,log4j-1.2.csv,14,10,20,15,12,6,9,3,18,11,5,4,1
velocity-1.4.csv,lucene-2.0.csv,6,9,14,20,15,10,12,18,11,5,1,4
velocity-1.4.csv,lucene-2.2.csv,6,20,15,10,14,12,18,11,5,9,4
velocity-1.4.csv,lucene-2.4.csv,6,15,10,14,20,12,18,11,5,4,1
velocity-1.4.csv,poi-1.5.csv,10,14,15,6,20,13,2,18,11,5,9,7
velocity-1.4.csv,poi-2.0.csv,15,10,14,6,20,2,13,18,11,5,8,1
velocity-1.4.csv,poi-2.5.csv,15,10,14,6,20,17,13,18,11,4,1,5
velocity-1.4.csv,poi-3.0.csv,14,15,12,6,20,17,13,18,11,9,5,8
velocity-1.4.csv,redaktor.csv,6,9,15,10,20,14,12,18,5,11,4,1
velocity-1.4.csv,synapse-1.0.csv,6,9,15,20,10,14,12,18,11,5,1,4
velocity-1.4.csv,synapse-1.1.csv,20,15,10,14,12,6,9,3,18,11,8,5,7
velocity-1.4.csv,synapse-1.2.csv,6,9,10,20,15,14,12,18,11,5,4,19
velocity-1.4.csv,tomcat.csv,10,14,15,6,20,17,18,11,5,4,1
velocity-1.4.csv,velocity-1.6.csv,6,9,15,10,14,20,12,18,11,5,1,7
velocity-1.4.csv,xalan-2.4.csv,15,14,10,20,12,6,9,11,18,5,1,4
velocity-1.4.csv,xalan-2.5.csv,15,20,10,14,12,6,9,11,18,5,1,4
velocity-1.4.csv,xalan-2.6.csv,10,15,20,14,12,6,9,11,18,5,1,7
velocity-1.4.csv,xalan-2.7.csv,20,10,15,14,17,6,9,11,18,1,5,4
velocity-1.4.csv,xerces-1.2.csv,15,14,10,6,20,13,18,5,11,4,1
velocity-1.4.csv,xerces-1.3.csv,15,14,10,6,20,17,18,11,7,5,4
velocity-1.4.csv,xerces-1.4.csv,10,15,14,6,20,17,18,11,5,1,7
velocity-1.6.csv,ant-1.3.csv,6,9,15,10,20,14,12,18,11,5,1,4
velocity-1.6.csv,ant-1.4.csv,14,10,15,20,12,6,9,3,18,11,5,7,4
velocity-1.6.csv,ant-1.5.csv,15,10,20,14,12,6,9,3,18,11,5,1,8
velocity-1.6.csv,ant-1.6.csv,15,20,10,14,12,6,9,3,18,11,5,7,1
velocity-1.6.csv,ant-1.7.csv,6,9,14,20,15,10,12,18,11,5,1,4
velocity-1.6.csv,camel-1.0.csv,20,15,14,10,12,6,9,3,18,11,5,1,7
velocity-1.6.csv,camel-1.2.csv,10,20,15,14,12,6,9,3,18,11,5,1,7
velocity-1.6.csv,camel-1.4.csv,14,15,20,10,12,6,9,3,18,11,5,1,7
velocity-1.6.csv,camel-1.6.csv,15,20,10,14,12,6,9,3,18,11,5,1,4
velocity-1.6.csv,ckjm.csv,6,9,10,12,14,15,16,18,5,1,8,19
velocity-1.6.csv,ivy-1.1.csv,6,9,14,10,15,20,12,18,11,5,7,4
velocity-1.6.csv,ivy-1.4.csv,6,9,15,10,14,20,12,18,11,5,4,1
velocity-1.6.csv,ivy-2.0.csv,6,9,15,10,20,14,12,18,11,5,7,4
velocity-1.6.csv,jedit-3.2.csv,6,9,15,10,14,20,12,18,11,5,4,8
velocity-1.6.csv,jedit-4.0.csv,6,20,15,14,10,12,18,11,5,4,7
velocity-1.6.csv,jedit-4.1.csv,6,15,20,14,10,12,18,5,4,11,7
velocity-1.6.csv,jedit-4.2.csv,6,14,10,20,15,12,18,11,5,7,4
velocity-1.6.csv,jedit-4.3.csv,6,14,20,10,15,12,18,11,5,4,7
velocity-1.6.csv,log4j-1.0.csv,10,15,20,14,12,6,9,3,18,11,4,1,5
velocity-1.6.csv,log4j-1.1.csv,6,9,15,10,20,12,14,18,11,1,4,5
velocity-1.6.csv,log4j-1.2.csv,20,14,10,15,12,6,9,3,18,11,5,1,4
velocity-1.6.csv,lucene-2.0.csv,6,9,10,15,14,20,12,18,4,5,11,1
velocity-1.6.csv,lucene-2.2.csv,6,9,10,15,14,20,12,18,11,5,4,1
velocity-1.6.csv,lucene-2.4.csv,6,15,20,14,10,12,18,11,5,4,7
velocity-1.6.csv,poi-1.5.csv,15,14,12,6,9,20,10,13,18,11,5,4,8
velocity-1.6.csv,poi-2.0.csv,15,10,14,6,20,13,17,18,11,5,9,1
velocity-1.6.csv,poi-2.5.csv,15,10,14,6,20,13,2,18,11,5,4,1
velocity-1.6.csv,poi-3.0.csv,10,15,12,6,20,13,2,18,11,5,7,1
velocity-1.6.csv,redaktor.csv,6,9,20,14,15,10,12,18,11,5,4,1
velocity-1.6.csv,synapse-1.0.csv,6,9,20,15,10,14,12,18,11,5,4,8
velocity-1.6.csv,synapse-1.1.csv,6,9,15,10,20,14,12,18,11,5,4,7
velocity-1.6.csv,synapse-1.2.csv,6,9,15,10,20,14,12,18,11,5,4,1
velocity-1.6.csv,tomcat.csv,6,14,20,10,15,12,18,5,11,1,4
velocity-1.6.csv,velocity-1.4.csv,6,9,15,10,14,20,12,18,11,5,1,7
velocity-1.6.csv,xalan-2.4.csv,14,20,15,10,12,6,9,11,18,5,4,1
velocity-1.6.csv,xalan-2.5.csv,15,20,10,14,17,6,9,11,18,5,1,4
velocity-1.6.csv,xalan-2.6.csv,14,10,15,20,12,6,9,11,18,5,4,1
velocity-1.6.csv,xalan-2.7.csv,20,14,15,10,12,6,9,11,18,5,1,4
velocity-1.6.csv,xerces-1.2.csv,10,15,14,6,20,13,18,5,11,4,8
velocity-1.6.csv,xerces-1.3.csv,15,14,10,6,20,13,18,11,5,9,1
velocity-1.6.csv,xerces-1.4.csv,14,15,10,6,20,13,18,11,4,7,1
xalan-2.4.csv,ant-1.3.csv,20,10,15,14,12,6,9,11,18,5,4,1
xalan-2.4.csv,ant-1.4.csv,15,10,14,20,12,6,9,11,18,5,4,7
xalan-2.4.csv,ant-1.5.csv,10,14,20,15,17,6,9,11,18,5,4,1
xalan-2.4.csv,ant-1.6.csv,10,20,15,14,12,6,9,11,18,5,7,4
xalan-2.4.csv,ant-1.7.csv,15,20,10,14,6,17,13,18,11,5,7,4
xalan-2.4.csv,camel-1.0.csv,15,20,10,14,13,6,9,11,18,5,4,7
xalan-2.4.csv,camel-1.2.csv,15,20,10,14,12,6,9,11,18,5,1,4
xalan-2.4.csv,camel-1.4.csv,10,15,20,14,12,6,9,11,18,5,4,7
xalan-2.4.csv,camel-1.6.csv,14,15,20,10,12,6,9,11,18,5,7,1
xalan-2.4.csv,ckjm.csv,2,14,20,10,12,6,9,11,18,19,7,5
xalan-2.4.csv,ivy-1.1.csv,10,20,15,14,2,6,9,11,18,5,4,7
xalan-2.4.csv,ivy-1.4.csv,10,14,15,20,12,6,9,11,18,5,1,4
xalan-2.4.csv,ivy-2.0.csv,15,20,10,14,12,6,9,11,18,5,1,7
xalan-2.4.csv,jedit-3.2.csv,10,14,20,15,12,6,9,11,18,7,1,5
xalan-2.4.csv,jedit-4.0.csv,20,15,14,10,12,6,9,11,18,5,4,7
xalan-2.4.csv,jedit-4.1.csv,15,10,20,14,12,6,9,11,18,5,7,4
xalan-2.4.csv,jedit-4.2.csv,15,20,14,10,12,6,9,11,18,5,1,4
xalan-2.4.csv,jedit-4.3.csv,15,20,10,14,12,6,9,11,18,5,4,1
xalan-2.4.csv,log4j-1.0.csv,10,15,14,20,12,6,9,11,18,8,5,4
xalan-2.4.csv,log4j-1.1.csv,14,20,10,15,12,6,9,11,18,4,5,8
xalan-2.4.csv,log4j-1.2.csv,15,14,10,20,17,6,9,11,18,5,1,19
xalan-2.4.csv,lucene-2.0.csv,15,10,20,14,12,6,9,11,18,5,4,19
xalan-2.4.csv,lucene-2.2.csv,10,14,15,20,12,6,9,11,18,5,1,7
xalan-2.4.csv,lucene-2.4.csv,10,15,14,20,12,6,9,11,18,5,1,7
xalan-2.4.csv,poi-1.5.csv,20,14,15,10,6,17,18,11,5,7,1
xalan-2.4.csv,poi-2.0.csv,15,10,14,6,20,17,18,11,5,9,4
xalan-2.4.csv,poi-2.5.csv,10,15,14,6,20,17,13,18,11,5,4,9
xalan-2.4.csv,poi-3.0.csv,15,10,14,6,20,17,13,18,11,5,1,4
xalan-2.4.csv,redaktor.csv,10,15,14,20,12,6,9,11,18,5,4,1
xalan-2.4.csv,synapse-1.0.csv,15,20,10,14,12,6,9,11,18,5,4,19
xalan-2.4.csv,synapse-1.1.csv,20,10,14,15,12,6,9,11,18,5,4,8
xalan-2.4.csv,synapse-1.2.csv,14,15,20,10,12,6,9,11,18,5,7,1
xalan-2.4.csv,tomcat.csv,10,14,15,20,12,6,9,11,18,4,5,7
xalan-2.4.csv,velocity-1.4.csv,15,14,10,20,12,6,9,11,18,5,1,4
xalan-2.4.csv,velocity-1.6.csv,14,20,15,10,12,6,9,11,18,5,4,1
xalan-2.4.csv,xalan-2.5.csv,15,14,10,20,12,6,9,11,18,5,1,4
xalan-2.4.csv,xalan-2.6.csv,20,15,14,10,12,6,9,11,18,7,5,1
xalan-2.4.csv,xalan-2.7.csv,14,15,20,10,12,6,9,11,18,5,4,7
xalan-2.4.csv,xerces-1.2.csv,14,20,10,15,12,6,9,11,18,5,4,1
xalan-2.4.csv,xerces-1.3.csv,15,10,14,20,12,6,9,11,18,1,5,7
xalan-2.4.csv,xerces-1.4.csv,15,10,20,14,12,6,9,11,18,4,5,1
xalan-2.5.csv,ant-1.3.csv,20,14,15,10,17,6,9,11,18,8,5,19
xalan-2.5.csv,ant-1.4.csv,14,15,20,10,12,6,9,11,18,5,7,1
xalan-2.5.csv,ant-1.5.csv,20,14,10,15,12,6,9,11,18,5,7,4
xalan-2.5.csv,ant-1.6.csv,15,20,10,14,12,6,9,11,18,5,7,4
xalan-2.5.csv,ant-1.7.csv,14,15,20,10,6,17,18,11,9,5,4
xalan-2.5.csv,camel-1.0.csv,15,14,10,20,12,6,9,11,18,5,1,4
xalan-2.5.csv,camel-1.2.csv,20,14,10,15,12,6,9,11,18,5,4,1
xalan-2.5.csv,camel-1.4.csv,20,10,15,14,12,6,9,11,18,1,5,4
xalan-2.5.csv,camel-1.6.csv,15,10,20,14,12,6,9,11,18,5,4,7
xalan-2.5.csv,ckjm.csv,15,14,13,10,20,6,1,11,18,19,4,5
xalan-2.5.csv,ivy-1.1.csv,14,15,20,10,17,6,1,11,18,5,7,8
xalan-2.5.csv,ivy-1.4.csv,15,14,10,20,12,6,9,11,18,5,7,1
xalan-2.5.csv,ivy-2.0.csv,15,14,20,10,12,6,9,11,18,5,4,8
xalan-2.5.csv,jedit-3.2.csv,20,15,14,10,12,6,9,11,18,5,4,7
xalan-2.5.csv,jedit-4.0.csv,20,15,14,10,17,6,9,11,18,5,1,4
xalan-2.5.csv,jedit-4.1.csv,14,10,15,20,12,6,9,11,18,4,5,8
xalan-2.5.csv,jedit-4.2.csv,10,15,14,20,12,6,9,11,18,5,1,4
xalan-2.5.csv,jedit-4.3.csv,15,20,10,14,12,6,9,11,18,5,1,4
xalan-2.5.csv,log4j-1.0.csv,15,20,14,10,12,6,1,11,18,5,4,8
xalan-2.5.csv,log4j-1.1.csv,15,14,20,10,12,6,1,11,18,5,8,4
xalan-2.5.csv,log4j-1.2.csv,14,10,20,15,12,6,9,11,18,5,8,1
xalan-2.5.csv,lucene-2.0.csv,15,10,14,20,17,6,9,11,18,5,4,7
xalan-2.5.csv,lucene-2.2.csv,14,15,10,20,12,6,9,11,18,5,4,7
xalan-2.5.csv,lucene-2.4.csv,15,20,10,14,12,6,9,11,18,5,1,4
xalan-2.5.csv,poi-1.5.csv,10,20,15,14,17,6,9,11,18,1,5,4
xalan-2.5.csv,poi-2.0.csv,10,14,20,15,6,17,13,18,11,4,5,1
xalan-2.5.csv,poi-2.5.csv,10,14,20,15,6,17,13,18,11,5,1,4
xalan-2.5.csv,poi-3.0.csv,14,10,15,6,20,17,18,11,5,7,9
xalan-2.5.csv,redaktor.csv,15,20,14,17,10,6,1,11,18,5,7,4
xalan-2.5.csv,synapse-1.0.csv,20,10,14,15,12,6,1,11,18,5,4,7
xalan-2.5.csv,synapse-1.1.csv,10,14,20,15,12,6,1,11,18,5,4,7
xalan-2.5.csv,synapse-1.2.csv,10,15,20,14,12,6,1,11,18,5,4,19
xalan-2.5.csv,tomcat.csv,14,15,10,20,12,6,9,11,18,5,7,1
xalan-2.5.csv,velocity-1.4.csv,15,20,10,14,12,6,9,11,18,5,1,4
xalan-2.5.csv,velocity-1.6.csv,15,20,10,14,17,6,9,11,18,5,1,4
xalan-2.5.csv,xalan-2.4.csv,15,14,10,20,12,6,9,11,18,5,1,4
xalan-2.5.csv,xalan-2.6.csv,15,14,10,20,12,6,9,11,18,5,1,4
xalan-2.5.csv,xalan-2.7.csv,20,15,14,10,12,6,9,11,18,5,7,1
xalan-2.5.csv,xerces-1.2.csv,10,15,20,14,17,6,9,11,18,5,1,4
xalan-2.5.csv,xerces-1.3.csv,10,15,14,20,12,6,9,11,18,4,5,1
xalan-2.5.csv,xerces-1.4.csv,20,10,15,14,12,6,9,11,18,5,7,4
xalan-2.6.csv,ant-1.3.csv,14,20,10,15,12,6,9,11,18,5,4,1
xalan-2.6.csv,ant-1.4.csv,15,20,10,14,17,6,9,11,18,5,1,4
xalan-2.6.csv,ant-1.5.csv,15,14,10,20,12,6,9,11,18,5,4,1
xalan-2.6.csv,ant-1.6.csv,15,10,20,14,12,6,9,11,18,5,4,1
xalan-2.6.csv,ant-1.7.csv,14,10,15,20,6,17,18,11,5,9,4
xalan-2.6.csv,camel-1.0.csv,14,10,15,20,12,6,9,11,18,5,1,4
xalan-2.6.csv,camel-1.2.csv,20,10,15,14,12,6,9,11,18,5,1,4
xalan-2.6.csv,camel-1.4.csv,15,14,20,10,12,6,9,11,18,5,7,1
xalan-2.6.csv,camel-1.6.csv,15,20,14,10,12,6,9,11,18,5,1,4
xalan-2.6.csv,ckjm.csv,2,10,14,15,20,6,9,11,18,19,7,1
xalan-2.6.csv,ivy-1.1.csv,14,10,20,15,12,6,9,11,18,5,4,1
xalan-2.6.csv,ivy-1.4.csv,10,15,20,14,12,6,9,11,18,5,1,7
xalan-2.6.csv,ivy-2.0.csv,14,10,20,15,12,6,9,11,18,5,4,1
xalan-2.6.csv,jedit-3.2.csv,20,10,14,15,12,6,9,11,18,5,7,4
xalan-2.6.csv,jedit-4.0.csv,15,14,20,10,17,6,9,11,18,4,1,5
xalan-2.6.csv,jedit-4.1.csv,15,14,10,20,12,6,9,11,18,5,4,7
xalan-2.6.csv,jedit-4.2.csv,20,10,15,14,12,6,9,11,18,5,8,4
xalan-2.6.csv,jedit-4.3.csv,15,20,10,14,12,6,9,11,18,5,4,1
xalan-2.6.csv,log4j-1.0.csv,15,10,14,20,12,6,9,11,18,7,4,5
xalan-2.6.csv,log4j-1.1.csv,15,20,10,14,12,6,9,11,18,7,5,1
xalan-2.6.csv,log4j-1.2.csv,15,14,20,10,17,6,9,11,18,5,19,7
xalan-2.6.csv,lucene-2.0.csv,15,20,14,10,12,6,9,11,18,5,7,4
xalan-2.6.csv,lucene-2.2.csv,10,15,20,14,17,6,9,11,18,5,4,1
xalan-2.6.csv,lucene-2.4.csv,10,15,14,20,12,6,9,11,18,5,4,7
xalan-2.6.csv,poi-1.5.csv,20,10,14,15,12,6,9,11,18,1,5,8
xalan-2.6.csv,poi-2.0.csv,10,20,15,14,6,17,18,11,5,1,9
xalan-2.6.csv,poi-2.5.csv,20,14,15,10,6,17,13,18,11,5,1,4
xalan-2.6.csv,poi-3.0.csv,10,15,14,20,6,17,2,18,11,1,5,4
xalan-2.6.csv,redaktor.csv,14,15,20,10,17,6,9,11,18,5,1,4
xalan-2.6.csv,synapse-1.0.csv,20,10,15,14,17,6,9,11,18,19,5,1
xalan-2.6.csv,synapse-1.1.csv,20,15,10,14,12,6,9,11,18,5,1,7
xalan-2.6.csv,synapse-1.2.csv,10,14,20,15,12,6,9,11,18,5,1,8
xalan-2.6.csv,tomcat.csv,15,20,10,14,12,6,9,11,18,5,1,4
xalan-2.6.csv,velocity-1.4.csv,10,15,20,14,12,6,9,11,18,5,1,7
xalan-2.6.csv,velocity-1.6.csv,14,10,15,20,12,6,9,11,18,5,4,1
xalan-2.6.csv,xalan-2.4.csv,20,15,14,10,12,6,9,11,18,7,5,1
xalan-2.6.csv,xalan-2.5.csv,15,14,10,20,12,6,9,11,18,5,1,4
xalan-2.6.csv,xalan-2.7.csv,10,14,15,20,12,6,9,11,18,5,7,1
xalan-2.6.csv,xerces-1.2.csv,10,15,20,14,12,6,9,11,18,4,5,1
xalan-2.6.csv,xerces-1.3.csv,20,14,15,10,12,6,9,11,18,7,1,5
xalan-2.6.csv,xerces-1.4.csv,10,15,20,14,12,6,9,11,18,5,1,4
xalan-2.7.csv,ant-1.3.csv,15,20,10,14,12,6,9,11,18,5,4,1
xalan-2.7.csv,ant-1.4.csv,15,20,14,10,12,6,9,11,18,5,4,19
xalan-2.7.csv,ant-1.5.csv,14,20,10,15,12,6,9,11,18,5,8,4
xalan-2.7.csv,ant-1.6.csv,14,10,20,15,12,6,9,11,18,5,4,7
xalan-2.7.csv,ant-1.7.csv,20,14,10,15,6,17,18,11,5,7,1
xalan-2.7.csv,camel-1.0.csv,15,10,14,20,12,6,9,11,18,5,4,1
xalan-2.7.csv,camel-1.2.csv,15,10,14,20,12,6,9,11,18,5,1,4
xalan-2.7.csv,camel-1.4.csv,15,10,14,20,12,6,9,11,18,4,5,1
xalan-2.7.csv,camel-1.6.csv,20,10,14,15,12,6,9,11,18,5,1,4
xalan-2.7.csv,ckjm.csv,14,16,17,2,10,6,9,11,18,4,1,5
xalan-2.7.csv,ivy-1.1.csv,20,15,14,10,12,6,9,11,18,5,4,8
xalan-2.7.csv,ivy-1.4.csv,15,14,10,20,17,6,9,11,18,1,5,4
xalan-2.7.csv,ivy-2.0.csv,20,15,14,10,12,6,9,11,18,5,4,1
xalan-2.7.csv,jedit-3.2.csv,20,15,14,10,12,6,9,11,18,5,8,7
xalan-2.7.csv,jedit-4.0.csv,10,20,15,14,12,6,9,11,18,5,4,1
xalan-2.7.csv,jedit-4.1.csv,15,10,20,14,12,6,9,11,18,5,7,4
xalan-2.7.csv,jedit-4.2.csv,15,20,10,14,12,6,9,11,18,5,4,1
xalan-2.7.csv,jedit-4.3.csv,15,14,10,20,12,6,9,11,18,5,1,8
xalan-2.7.csv,log4j-1.0.csv,15,20,10,14,12,6,9,11,18,5,8,1
xalan-2.7.csv,log4j-1.1.csv,15,12,14,10,20,6,9,11,18,8,5,4
xalan-2.7.csv,log4j-1.2.csv,14,15,10,20,12,6,9,11,18,5,1,4
xalan-2.7.csv,lucene-2.0.csv,15,10,20,14,17,6,9,11,18,5,1,7
xalan-2.7.csv,lucene-2.2.csv,15,10,20,14,12,6,9,11,18,4,1,5
xalan-2.7.csv,lucene-2.4.csv,10,15,20,14,12,6,9,11,18,5,4,1
xalan-2.7.csv,poi-1.5.csv,20,10,15,14,12,6,9,11,18,5,8,4
xalan-2.7.csv,poi-2.0.csv,14,15,10,20,6,17,18,11,5,1,8
xalan-2.7.csv,poi-2.5.csv,15,14,20,10,6,13,17,18,11,5,1,4
xalan-2.7.csv,poi-3.0.csv,15,14,10,20,6,17,13,18,11,1,5,8
xalan-2.7.csv,redaktor.csv,15,20,10,14,17,6,9,11,18,1,5,4
xalan-2.7.csv,synapse-1.0.csv,15,14,20,10,17,6,9,11,18,5,1,7
xalan-2.7.csv,synapse-1.1.csv,15,10,20,14,12,6,9,11,18,5,4,1
xalan-2.7.csv,synapse-1.2.csv,20,15,10,14,12,6,9,11,18,5,4,8
xalan-2.7.csv,tomcat.csv,20,10,15,14,12,6,9,11,18,5,1,7
xalan-2.7.csv,velocity-1.4.csv,20,10,15,14,17,6,9,11,18,1,5,4
xalan-2.7.csv,velocity-1.6.csv,20,14,15,10,12,6,9,11,18,5,1,4
xalan-2.7.csv,xalan-2.4.csv,14,15,20,10,12,6,9,11,18,5,4,7
xalan-2.7.csv,xalan-2.5.csv,20,15,14,10,12,6,9,11,18,5,7,1
xalan-2.7.csv,xalan-2.6.csv,10,14,15,20,12,6,9,11,18,5,7,1
xalan-2.7.csv,xerces-1.2.csv,15,14,20,10,12,6,9,11,18,5,4,1
xalan-2.7.csv,xerces-1.3.csv,14,10,15,20,12,6,9,11,18,5,7,1
xalan-2.7.csv,xerces-1.4.csv,20,15,10,14,12,6,9,11,18,5,4,1
xerces-1.2.csv,ant-1.3.csv,10,15,14,6,20,17,18,5,11,1,9
xerces-1.2.csv,ant-1.4.csv,10,15,12,6,20,17,18,5,11,1,7
xerces-1.2.csv,ant-1.5.csv,14,15,10,20,12,6,9,3,18,11,5,1,19
xerces-1.2.csv,ant-1.6.csv,10,14,15,20,12,6,9,3,18,11,5,1,19
xerces-1.2.csv,ant-1.7.csv,6,9,14,10,20,15,12,18,11,5,1,7
xerces-1.2.csv,camel-1.0.csv,15,20,14,6,9,10,13,18,11,5,19,7
xerces-1.2.csv,camel-1.2.csv,14,10,20,15,12,6,9,3,18,11,5,7,1
xerces-1.2.csv,camel-1.4.csv,15,10,20,14,12,6,9,3,18,11,5,1,4
xerces-1.2.csv,camel-1.6.csv,6,9,15,10,20,14,12,18,11,5,1,4
xerces-1.2.csv,ckjm.csv,10,15,20,12,6,2,17,18,4,1,5,9
xerces-1.2.csv,ivy-1.1.csv,20,15,10,14,6,17,13,18,5,11,1,19
xerces-1.2.csv,ivy-1.4.csv,10,15,20,14,6,13,17,18,11,1,9,5
xerces-1.2.csv,ivy-2.0.csv,15,20,14,10,6,17,13,18,11,5,1,7
xerces-1.2.csv,jedit-3.2.csv,6,10,15,20,14,12,18,11,1,5,8
xerces-1.2.csv,jedit-4.0.csv,6,15,10,20,14,12,18,11,5,19,7
xerces-1.2.csv,jedit-4.1.csv,6,10,15,14,20,12,18,11,5,19,9
xerces-1.2.csv,jedit-4.2.csv,6,15,20,14,10,12,18,11,5,9,4
xerces-1.2.csv,jedit-4.3.csv,6,14,10,15,20,12,18,11,5,1,4
xerces-1.2.csv,log4j-1.0.csv,14,15,10,20,6,13,17,18,5,11,9,4
xerces-1.2.csv,log4j-1.1.csv,20,15,14,12,6,13,17,18,11,5,8,4
xerces-1.2.csv,log4j-1.2.csv,14,15,20,10,6,13,17,18,5,11,9,7
xerces-1.2.csv,lucene-2.0.csv,15,14,10,6,20,13,18,11,5,7,1
xerces-1.2.csv,lucene-2.2.csv,10,15,14,6,20,17,18,11,5,8,1
xerces-1.2.csv,lucene-2.4.csv,15,10,20,14,6,17,13,18,11,4,5,7
xerces-1.2.csv,poi-1.5.csv,15,12,14,6,9,10,20,13,18,11,5,4,1
xerces-1.2.csv,poi-2.0.csv,15,14,12,6,9,20,10,13,18,11,5,1,4
xerces-1.2.csv,poi-2.5.csv,15,14,12,6,9,10,20,17,18,11,5,19,1
xerces-1.2.csv,poi-3.0.csv,15,14,12,6,9,10,20,13,18,11,5,1,4
xerces-1.2.csv,redaktor.csv,15,20,10,14,6,17,13,18,11,5,7,1
xerces-1.2.csv,synapse-1.0.csv,15,10,14,6,20,13,18,5,11,9,1
xerces-1.2.csv,synapse-1.1.csv,15,14,10,6,20,13,18,5,11,4,1
xerces-1.2.csv,synapse-1.2.csv,15,10,14,6,20,13,18,11,5,1,4
xerces-1.2.csv,tomcat.csv,20,15,10,14,6,17,13,18,11,5,9,1
xerces-1.2.csv,velocity-1.4.csv,15,14,10,6,20,13,18,5,11,4,1
xerces-1.2.csv,velocity-1.6.csv,10,15,14,6,20,13,18,5,11,4,8
xerces-1.2.csv,xalan-2.4.csv,14,20,10,15,12,6,9,11,18,5,4,1
xerces-1.2.csv,xalan-2.5.csv,10,15,20,14,17,6,9,11,18,5,1,4
xerces-1.2.csv,xalan-2.6.csv,10,15,20,14,12,6,9,11,18,4,5,1
xerces-1.2.csv,xalan-2.7.csv,15,14,20,10,12,6,9,11,18,5,4,1
xerces-1.2.csv,xerces-1.3.csv,10,20,15,14,6,17,13,18,11,5,1,4
xerces-1.2.csv,xerces-1.4.csv,15,10,14,6,20,17,18,11,5,1,4
xerces-1.3.csv,ant-1.3.csv,15,14,10,6,20,17,18,5,11,4,1
xerces-1.3.csv,ant-1.4.csv,15,10,14,6,20,17,18,11,5,9,1
xerces-1.3.csv,ant-1.5.csv,15,10,14,6,20,17,18,11,5,1,9
xerces-1.3.csv,ant-1.6.csv,14,10,15,20,12,6,9,3,18,11,5,1,4
xerces-1.3.csv,ant-1.7.csv,6,9,14,10,20,15,12,18,11,5,1,4
xerces-1.3.csv,camel-1.0.csv,15,20,14,6,9,10,13,18,11,5,1,4
xerces-1.3.csv,camel-1.2.csv,15,10,14,20,12,6,9,3,18,11,5,1,4
xerces-1.3.csv,camel-1.4.csv,15,14,20,10,12,6,9,3,18,11,5,1,7
xerces-1.3.csv,camel-1.6.csv,6,9,14,20,15,10,12,18,11,5,1,7
xerces-1.3.csv,ckjm.csv,15,10,20,12,6,2,13,18,1,5,9,11
xerces-1.3.csv,ivy-1.1.csv,15,10,20,14,6,17,13,18,11,5,4,1
xerces-1.3.csv,ivy-1.4.csv,10,20,14,15,6,17,13,18,11,5,4,1
xerces-1.3.csv,ivy-2.0.csv,15,10,20,14,6,17,13,18,11,1,5,9
xerces-1.3.csv,jedit-3.2.csv,20,10,15,14,6,17,2,18,11,5,1,9
xerces-1.3.csv,jedit-4.0.csv,6,20,14,10,15,12,18,11,5,1,9
xerces-1.3.csv,jedit-4.1.csv,6,15,14,20,10,12,18,11,5,1,4
xerces-1.3.csv,jedit-4.2.csv,6,14,15,20,10,12,18,11,5,7,19
xerces-1.3.csv,jedit-4.3.csv,6,20,15,10,14,12,18,11,5,1,4
xerces-1.3.csv,log4j-1.0.csv,14,15,20,10,6,2,17,18,11,7,5,19
xerces-1.3.csv,log4j-1.1.csv,15,10,20,14,6,13,2,18,5,9,11,4
xerces-1.3.csv,log4j-1.2.csv,15,20,14,10,6,17,13,18,11,5,1,4
xerces-1.3.csv,lucene-2.0.csv,10,15,14,6,20,17,18,11,5,1,19
xerces-1.3.csv,lucene-2.2.csv,10,15,20,14,6,17,13,18,11,5,19,7
xerces-1.3.csv,lucene-2.4.csv,15,20,10,14,6,17,13,18,11,4,5,7
xerces-1.3.csv,poi-1.5.csv,15,14,12,6,9,20,10,17,18,11,5,1,4
xerces-1.3.csv,poi-2.0.csv,15,14,12,6,9,10,20,13,18,11,1,5,7
xerces-1.3.csv,poi-2.5.csv,15,14,12,6,9,10,20,17,18,11,5,4,1
xerces-1.3.csv,poi-3.0.csv,15,14,12,6,9,20,10,17,18,11,5,1,4
xerces-1.3.csv,redaktor.csv,10,20,14,15,6,17,13,18,11,5,4,1
xerces-1.3.csv,synapse-1.0.csv,15,10,14,6,20,17,18,11,5,1,4
xerces-1.3.csv,synapse-1.1.csv,15,10,14,6,20,13,18,11,4,5,1
xerces-1.3.csv,synapse-1.2.csv,15,10,14,6,20,17,18,11,5,1,7
xerces-1.3.csv,tomcat.csv,15,14,10,20,6,17,13,18,11,5,9,7
xerces-1.3.csv,velocity-1.4.csv,15,14,10,6,20,17,18,11,7,5,4
xerces-1.3.csv,velocity-1.6.csv,15,14,10,6,20,13,18,11,5,9,1
xerces-1.3.csv,xalan-2.4.csv,15,10,14,20,12,6,9,11,18,1,5,7
xerces-1.3.csv,xalan-2.5.csv,10,15,14,20,12,6,9,11,18,4,5,1
xerces-1.3.csv,xalan-2.6.csv,20,14,15,10,12,6,9,11,18,7,1,5
xerces-1.3.csv,xalan-2.7.csv,14,10,15,20,12,6,9,11,18,5,7,1
xerces-1.3.csv,xerces-1.2.csv,10,20,15,14,6,17,13,18,11,5,1,4
xerces-1.3.csv,xerces-1.4.csv,15,10,14,6,20,17,18,11,5,1,9
xerces-1.4.csv,ant-1.3.csv,10,15,14,6,20,17,18,5,9,11,1
xerces-1.4.csv,ant-1.4.csv,15,10,14,6,20,17,18,11,1,7,4
xerces-1.4.csv,ant-1.5.csv,14,15,10,6,20,17,18,11,5,4,7
xerces-1.4.csv,ant-1.6.csv,14,15,10,20,12,6,9,3,18,11,5,1,19
xerces-1.4.csv,ant-1.7.csv,6,9,10,14,20,15,12,18,11,5,1,4
xerces-1.4.csv,camel-1.0.csv,10,15,14,6,20,17,18,11,5,1,9
xerces-1.4.csv,camel-1.2.csv,6,15,10,14,20,12,18,11,5,7,1
xerces-1.4.csv,camel-1.4.csv,15,10,20,14,12,6,9,3,18,11,5,1,7
xerces-1.4.csv,camel-1.6.csv,6,14,10,20,15,12,18,11,5,4,7
xerces-1.4.csv,ckjm.csv,20,15,2,14,10,6,18,7,8,19,1
xerces-1.4.csv,ivy-1.1.csv,10,15,20,14,6,17,13,18,11,5,4,9
xerces-1.4.csv,ivy-1.4.csv,14,10,20,15,6,17,13,18,11,5,1,19
xerces-1.4.csv,ivy-2.0.csv,20,14,15,10,6,13,17,18,11,4,5,1
xerces-1.4.csv,jedit-3.2.csv,20,15,10,14,6,17,13,18,11,5,4,1
xerces-1.4.csv,jedit-4.0.csv,14,10,15,20,6,17,2,18,11,5,1,9
xerces-1.4.csv,jedit-4.1.csv,10,20,15,14,6,17,13,18,11,5,1,4
xerces-1.4.csv,jedit-4.2.csv,20,15,10,14,6,17,13,18,11,1,5,7
xerces-1.4.csv,jedit-4.3.csv,6,14,10,15,20,12,18,11,5,4,19
xerces-1.4.csv,log4j-1.0.csv,10,14,20,15,6,17,13,18,11,5,1,9
xerces-1.4.csv,log4j-1.1.csv,20,15,10,14,12,6,18,5,11,9,4
xerces-1.4.csv,log4j-1.2.csv,14,20,15,10,6,17,13,18,11,5,9,1
xerces-1.4.csv,lucene-2.0.csv,15,10,20,14,17,6,18,11,5,19,8
xerces-1.4.csv,lucene-2.2.csv,14,15,10,20,6,13,17,18,11,1,5,9
xerces-1.4.csv,lucene-2.4.csv,14,15,10,20,6,17,13,18,11,5,19,4
xerces-1.4.csv,poi-1.5.csv,15,14,12,6,9,10,20,17,18,5,11,1,7
xerces-1.4.csv,poi-2.0.csv,15,12,14,6,9,20,10,13,18,11,5,1,7
xerces-1.4.csv,poi-2.5.csv,15,14,12,6,9,10,20,13,18,11,5,1,4
xerces-1.4.csv,poi-3.0.csv,15,14,12,6,9,10,20,17,18,11,5,4,1
xerces-1.4.csv,redaktor.csv,15,20,14,10,12,6,18,11,9,4,5
xerces-1.4.csv,synapse-1.0.csv,15,20,10,12,14,6,18,11,5,4,1
xerces-1.4.csv,synapse-1.1.csv,15,20,10,14,12,6,18,11,5,1,9
xerces-1.4.csv,synapse-1.2.csv,20,15,10,14,12,6,18,11,8,5,4
xerces-1.4.csv,tomcat.csv,15,10,20,14,6,13,17,18,11,5,1,4
xerces-1.4.csv,velocity-1.4.csv,10,15,14,6,20,17,18,11,5,1,7
xerces-1.4.csv,velocity-1.6.csv,14,15,10,6,20,13,18,11,4,7,1
xerces-1.4.csv,xalan-2.4.csv,15,10,20,14,12,6,9,11,18,4,5,1
xerces-1.4.csv,xalan-2.5.csv,20,10,15,14,12,6,9,11,18,5,7,4
xerces-1.4.csv,xalan-2.6.csv,10,15,20,14,12,6,9,11,18,5,1,4
xerces-1.4.csv,xalan-2.7.csv,20,15,10,14,12,6,9,11,18,5,4,1
xerces-1.4.csv,xerces-1.2.csv,15,10,14,6,20,17,18,11,5,1,4
xerces-1.4.csv,xerces-1.3.csv,15,10,14,6,20,17,18,11,5,1,9
